probe	count.ini	count.fil	count.xun	count.uni	count.qc	diagnosis
ANCHsOta1874BP1AK1	439	177	0	177	177	
ANCHsOta1874BP2AK1	337	114	0	114	114	
ANCHsOtb1874BP3CHM13	506	129	0	129	129	
DELHsOtb1141BP0HG04217	210	48	0	48	48	
DELHsOth1122BP0CHM1	1811	992	0	992	992	
DELHsOth1306BP0HG02818	263	28	0	28	28	
INSHsOta1141BP1HG04217	2793	55	0	55	55	
INSHsOta1141BP2HG04217	2449	54	0	54	54	
INSHsOta1874BP1CHM13	8571	1768	0	1768	1768	
INSHsOta1874BP2CHM13	11371	1942	4	1938	1938	errorMatches
INSHsOth0154BP1AK1	6627	1313	0	1313	1313	
INSHsOth0154BP2AK1	5547	1164	0	1164	1164	
INSHsOth0170BP1aNA12156	920	526	0	526	588	
INSHsOth0170BP1bNA19129	97	62	0	62	588	
INSHsOth0170BP2NA12156	3339	548	0	548	548	
INSHsOth0171BP1NA12878	3247	337	0	337	337	
INSHsOth0171BP2NA12878	3339	387	0	387	387	
INSHsOth0178BP1UNKN	268	110	0	110	110	
INSHsOth0178BP2UNKN	2492	150	0	150	150	
INSHsOth0182BP1NA12878	4677	980	0	980	980	
INSHsOth0182BP2NA12878	5460	1086	0	1086	1086	
INSHsOth0186BP1NA19434	1660	72	0	72	72	
INSHsOth0186BP2NA19434	1754	65	0	65	65	
INSHsOth0211BP1HX1	799	445	0	445	445	
INSHsOth0211BP2HX1	1916	424	0	424	424	
INSHsOth0224BP1CHM13	3598	499	0	499	499	
INSHsOth0224BP2CHM13	3243	384	0	384	384	
INSHsOth0310BP1CHM13	2258	228	0	228	228	
INSHsOth0310BP2CHM13	2682	237	0	237	237	
INSHsOth0335BP1NA18555	2	1	0	1	1	
INSHsOth0335BP2NA18555	1927	3	3	0	0	emptyAlt,errorMatches
INSHsOth0463BP1YH	4107	575	3	572	572	errorMatches
INSHsOth0463BP2YH	2535	339	20	319	319	errorMatches
INSHsOth0574BP1CHM13	3815	683	1	682	682	errorMatches
INSHsOth0574BP2CHM13	4313	839	168	671	671	errorMatches
INSHsOth0589BP1Han1	4265	664	0	664	664	
INSHsOth0589BP2Han1	3965	566	0	566	566	
INSHsOth0612BP1AK1	4063	207	0	207	207	
INSHsOth0612BP2AK1	2563	168	0	168	168	
INSHsOth0968BP1NA18555	176	109	0	109	109	
INSHsOth0968BP2NA18555	90	42	0	42	42	
INSHsOth0987BP1NA12878	786	439	43	396	396	errorMatches
INSHsOth0987BP2NA12878	1348	541	1	540	540	errorMatches
INSHsOth0997BP1CHM1	5258	798	0	798	798	
INSHsOth0997BP2CHM1	4274	793	0	793	793	
INSHsOth1004BP1NA12878	5237	891	0	891	891	
INSHsOth1004BP2NA12878	6777	809	0	809	809	
INSHsOth1013BP1NA12878	2777	110	0	110	110	
INSHsOth1013BP2NA12878	3313	104	0	104	104	
INSHsOth1112BP1NA12156	1730	224	0	224	224	
INSHsOth1112BP2NA12156	1887	290	0	290	290	
INSHsOth1130BP1AKv2	4149	528	0	528	528	
INSHsOth1130BP2AKv2	3780	664	0	664	664	
INSHsOth1146BP1NA19440	70	51	0	51	51	
INSHsOth1146BP2NA19440	28	16	0	16	16	
INSHsOth1146BP3NA19440	145	51	0	51	51	
INSHsOth1153BP1NA19434	3199	38	0	38	38	
INSHsOth1153BP2NA19434	1684	46	0	46	46	
INSHsOth1216BP1HG02818	422	20	0	20	20	
INSHsOth1216BP2HG02818	102	17	0	17	17	
INSHsOth1225BP1NA18552	2458	159	0	159	159	
INSHsOth1225BP2NA18552	1972	159	0	159	159	
INSHsOth1240BP1CHM13	1854	31	0	31	31	
INSHsOth1240BP2CHM13	1752	32	0	32	32	
INSHsOth1269BP1NA19921	1414	78	0	78	78	
INSHsOth1269BP2NA19921	1933	69	0	69	69	
INSHsOth1275BP1KOREF	1243	75	0	75	75	
INSHsOth1275BP2KOREF	2394	90	0	90	90	
INSHsOth1313BP1CHM13	99	62	0	62	62	
INSHsOth1313BP2CHM13	95	60	0	60	60	
INSHsOth1329BP1HG02818	1730	21	0	21	21	
INSHsOth1329BP2HG02818	1161	15	0	15	15	
INSHsOth1376BP1NA19129	3305	48	0	48	48	
INSHsOth1376BP2NA19129	2652	48	0	48	48	
INSHsOth1408BP1HG03486	2047	69	0	69	69	
INSHsOth1408BP2HG03486	2837	36	0	36	36	
INSHsOth1411BP1CHM13	4350	422	5	417	417	errorMatches
INSHsOth1411BP2CHM13	5116	971	540	431	431	errorMatches
INSHsOth1414BP1CHM1	2431	99	0	99	99	
INSHsOth1414BP2CHM1	2457	73	0	73	73	
INSHsOth1422BP1CHM1	5098	773	0	773	773	
INSHsOth1422BP2CHM1	3480	601	0	601	601	
INSHsOth1425BP1UNKN	2003	11	0	11	11	
INSHsOth1425BP2UNKN	2332	12	0	12	12	
INSHsOth1428BP1NA19434	2840	303	0	303	303	
INSHsOth1428BP2NA19434	5555	310	0	310	310	
INSHsOth1432BP1NA19068	2142	49	0	49	49	
INSHsOth1432BP2NA19068	2163	61	0	61	61	
INSHsOth1454BP1AK1	3192	385	0	385	385	
INSHsOth1454BP2AK1	3907	473	0	473	473	
INSHsOth1468BP1HG02818	2512	8	0	8	8	
INSHsOth1468BP2HG02818	2976	5	0	5	5	
INSHsOth1471BP1HG02623	1409	31	0	31	31	
INSHsOth1471BP2HG02623	1372	27	0	27	27	
INSHsOth1484BP1CHM1	1357	96	0	96	96	
INSHsOth1484BP2CHM1	2390	104	0	104	104	
INSHsOth1497BP1HG00250	2039	112	0	112	112	
INSHsOth1497BP2HG00250	1854	152	0	152	152	
INSHsOth1511BP1CMT001	2059	142	0	142	142	
INSHsOth1511BP2CMT001	2307	131	0	131	131	
INSHsOth1579BP1CMT001	2069	53	0	53	53	
INSHsOth1579BP2CMT001	1888	64	0	64	64	
INSHsOth1614BP1HG02623	5024	99	0	99	99	
INSHsOth1614BP2HG02623	3665	116	0	116	116	
INSHsOth1637BP1HG03486	2006	21	0	21	21	
INSHsOth1637BP2HG03486	1701	26	0	26	26	
INSHsOth1667BP1AK1	3767	412	0	412	412	
INSHsOth1667BP2AK1	3329	421	0	421	421	
INSHsOth1681BP1NA19440	1352	38	0	38	38	
INSHsOth1681BP2NA19440	1308	34	0	34	34	
INSHsOth1700BP1Reads	1982	24	0	24	24	
INSHsOth1700BP2Reads	2488	29	0	29	29	
INSHsOth1751BP1HG00268	2105	103	0	103	103	
INSHsOth1751BP2HG00268	2369	88	0	88	88	
INSHsOth1794BP1NA19434	1380	28	0	28	28	
INSHsOth1794BP2NA19434	1635	0	0	0	0	emptyAlt,allFiltered
INVHsInv0004BP1HuRef	401	227	0	227	227	
INVHsInv0004BP2HuRef	370	207	0	207	207	
INVHsInv0006BP1HuRef	992	546	3	543	543	errorMatches
INVHsInv0006BP2HuRef	498	498	63	435	435	errorMatches
INVHsInv0015BP1HuRef	3906	1154	0	1154	1154	
INVHsInv0015BP2HuRef	3468	1158	0	1158	1158	
INVHsInv0016BP1HuRef	7017	1542	0	1542	1542	
INVHsInv0016BP2HuRef	4783	1224	0	1224	1224	
INVHsInv0041BP1HuRef	2179	408	0	408	408	
INVHsInv0041BP2HuRef	2964	472	0	472	472	
INVHsInv0044BP1HuRef	3886	2568	0	2568	2568	
INVHsInv0044BP2HuRef	5508	2216	0	2216	2216	
INVHsInv0058BP1HuRef	2807	1028	0	1028	1028	
INVHsInv0058BP2HuRef	4126	1206	0	1206	1206	
INVHsInv0059BP1HuRef	1304	962	0	962	962	
INVHsInv0059BP2HuRef	2727	1043	0	1043	1043	
INVHsInv0060BP1HuRef	2042	869	0	869	869	
INVHsInv0060BP2HuRef	851	490	0	490	490	
INVHsInv0068BP1HuRef	5	1	0	1	1	
INVHsInv0068BP2HuRef	18	9	0	9	9	
INVHsInv0068BP3NA19240_versionalternativa	1385	912	0	912	912	
INVHsInv0068BP4NA19240_versionalternativa	1344	922	0	922	922	
INVHsInv0081BP1HuRef	1992	501	0	501	501	
INVHsInv0081BP2HuRef	2222	575	0	575	575	
INVHsInv0091BP2HuRef	3355	1262	0	1262	1262	
INVHsInv0091BP3HuRef	3914	1018	0	1018	1018	
INVHsInv0092BP1NA19240	573	218	0	218	218	
INVHsInv0092BP2NA19240	392	246	0	246	246	
INVHsInv0095BP1NA19129	1125	387	0	387	387	
INVHsInv0095BP2NA19240	2909	1630	0	1630	1630	
INVHsInv0097BP1NA15510	335	4	0	4	4	
INVHsInv0097BP2NA15510	2277	4	0	4	4	
INVHsInv0098BP1NA19240	757	267	0	267	267	
INVHsInv0098BP2NA19240	3053	231	75	156	156	errorMatches
INVHsInv0102BP1NA12156	2002	266	0	266	266	
INVHsInv0102BP2NA12156	840	279	0	279	279	
INVHsInv0105BP1NA18507	1374	798	0	798	798	
INVHsInv0105BP2NA18507	1606	976	0	976	976	
INVHsInv0113BP1NA06985	1762	101	0	101	101	
INVHsInv0113BP2NA06985	2914	95	0	95	95	
INVHsInv0141BP1NA12156	4474	95	0	95	95	
INVHsInv0141BP2NA12156	4175	84	0	84	84	
INVHsInv0156BP1NA12878	591	227	0	227	227	
INVHsInv0156BP2NA12878	2421	286	0	286	286	
INVHsInv0163BP1NA11995	407	213	0	213	213	
INVHsInv0163BP2NA11995	1272	236	0	236	236	
INVHsInv0164BP1HG03838	1843	81	0	81	81	
INVHsInv0164BP2HG03838	1751	91	0	91	91	
INVHsInv0174BP1CHM1	3598	1723	0	1723	1723	
INVHsInv0174BP2CHM1	1687	626	0	626	626	
INVHsInv0181BP1CHM1	106	0	0	0	0	emptyAlt,allFiltered
INVHsInv0181BP2CHM1	1621	582	580	2	2	errorMatches
INVHsInv0191BP1CHM1	189	113	0	113	113	
INVHsInv0191BP2CHM1	169	119	0	119	119	
INVHsInv0200BP1NA12878	978	17	0	17	17	
INVHsInv0201BP1Celera	3840	1004	0	1004	1004	
INVHsInv0201BP2Celera	3329	871	0	871	871	
INVHsInv0212BP1HX1	54	34	0	34	34	
INVHsInv0212BP2HX1	76	54	0	54	54	
INVHsInv0213BP1NA19440	1547	45	0	45	45	
INVHsInv0213BP2NA19440	148	43	0	43	43	
INVHsInv0260BP1NA18517	2868	319	0	319	319	
INVHsInv0284BP1NA19129	167	37	0	37	37	
INVHsInv0284BP2NA19129	929	39	0	39	39	
INVHsInv0379BP1Inv	144	18	0	18	18	
INVHsInv0379BP2Inv	266	16	0	16	16	
INVHsInv0409BP1NA12878	1795	514	0	514	514	
INVHsInv0409BP2NA12878	1077	372	0	372	372	
INVHsInv0442BP1AK1	3092	861	0	861	861	
INVHsInv0442BP2AK1	3540	874	0	874	874	
INVHsInv0553BP1NA12878	1650	25	0	25	25	
INVHsInv0901BP0CHM1_versionalternativa	3897	588	0	588	588	
INVHsInv0901BP1CHM1	597	1	0	1	1	
INVHsInv0901BP2CHM1	2067	1	0	1	1	
INVHsInv0960BP1NA18552	393	123	0	123	123	
INVHsInv0960BP2NA18552	2259	121	0	121	121	
INVHsInv0965BP1NA19129	2570	218	0	218	218	
INVHsInv0965BP2NA19129	406	203	0	203	203	
INVHsInv0989BP1CHM1	977	54	0	54	54	
INVHsInv0989BP2CHM1	174	19	0	19	19	
INVHsInv0991BP1CHM1	2903	1381	0	1381	1381	
INVHsInv0991BP2CHM1	1194	715	0	715	715	
INVHsInv1053BP1HuRef	3838	869	0	869	869	
INVHsInv1053BP2HuRef	3255	1203	0	1203	1203	
INVHsInv1065BP1NA18956	1735	238	0	238	238	
INVHsInv1065BP2NA18956	1246	351	0	351	351	
INVHsInv1065BP3NA18956	829	232	0	232	232	
INVHsInv1065BP4NA18956	2454	363	0	363	363	
INVHsInv1066BP1HG00268	899	35	0	35	35	
INVHsInv1066BP2HG00268	96	37	0	37	37	
INVHsInv1070BP1NA11829	2254	21	0	21	21	
INVHsInv1070BP2NA11829	1294	26	0	26	26	
INVHsInv1075BP1NA19129	4346	253	0	253	253	
INVHsInv1075BP2NA19129	1391	197	3	194	194	errorMatches
INVHsInv1116BP1HuRef	4466	1758	0	1758	1758	
INVHsInv1116BP2HuRef	2378	1458	0	1458	1458	
INVHsInv1122BP1HuRef	2305	476	0	476	476	
INVHsInv1122BP2HuRef	1040	437	0	437	437	
INVHsInv1127BP1NA19434	837	52	0	52	52	
INVHsInv1127BP2NA19434	660	41	0	41	41	
INVHsInv1128BP1HG00733	1471	16	0	16	16	
INVHsInv1128BP2HG00733	1682	14	0	14	14	
INVHsInv1129BP1HG03115	2186	46	0	46	46	
INVHsInv1129BP2HG03115	346	31	0	31	31	
INVHsInv1143BP1NA19240	37	24	0	24	24	
INVHsInv1143BP2NA19240	41	29	0	29	29	
INVHsInv1222BP1NA19129	256	136	0	136	136	
INVHsInv1222BP2NA19129	2719	92	0	92	92	
INVHsInv1256BP1NA12878	2001	110	0	110	110	
INVHsInv1256BP2NA12878	1719	111	0	111	111	
INVHsInv1258BP1NA19240	1995	240	0	240	240	
INVHsInv1258BP2NA19240	2473	251	0	251	251	
INVHsInv1263BP1HG02059	2437	64	0	64	64	
INVHsInv1263BP2HG02059	1996	131	0	131	131	
INVHsInv1264BP1CMT001	97	55	0	55	55	
INVHsInv1264BP2CMT001	5539	1997	1993	4	4	errorMatches
INVHsInv1306BP1HG02818	210	35	0	35	35	
INVHsInv1306BP2HG02818	112	57	0	57	57	
INVHsInv1314BP1NA19434	801	31	0	31	31	
INVHsInv1314BP2NA19434	2631	97	60	37	37	errorMatches
INVHsInv1321BP1AK1	1188	704	0	704	704	
INVHsInv1321BP2AK1	4008	494	483	11	11	errorMatches
INVHsInv1348BP1NA12878	2705	215	0	215	215	
INVHsInv1348BP2NA12878	571	215	0	215	215	
INVHsInv1358BP1NA19129	2200	148	0	148	148	
INVHsInv1358BP2NA19129	465	156	0	156	156	
INVHsInv1360BP1HG02818	1728	31	0	31	31	
INVHsInv1360BP2HG02818	2215	33	0	33	33	
INVHsInv1402BP1NA12156	2454	71	0	71	71	
INVHsInv1402BP2NA12156	751	71	0	71	71	
INVHsInv1421BP1NA12004	1992	25	0	25	25	
INVHsInv1421BP2NA12004	781	30	0	30	30	
INVHsInv1427BP1HG02059	2602	171	0	171	171	
INVHsInv1427BP2HG02059	876	167	0	167	167	
INVHsInv1474BP1HG02623	2186	141	0	141	141	
INVHsInv1474BP2HG02623	1559	106	0	106	106	
INVHsInv1569BP1CHM1	1736	20	0	20	20	
INVHsInv1569BP2CHM1	1910	27	0	27	27	
INVHsInv1590BP1NA19240	9693	92	0	92	92	
INVHsInv1590BP2NA19240	1760	109	0	109	109	
INVHsInv1785BP1CHM1	233	141	0	141	141	
INVHsInv1785BP2CHM1	514	149	0	149	149	
INVHsInv1790BP1HG03115	1236	16	0	16	16	
INVHsInv1790BP2HG03115	715	17	0	17	17	
INVHsInv1798BP1NA24149	1114	177	14	163	163	errorMatches
INVHsInv1798BP2NA24149	1723	177	29	148	148	errorMatches
INVHsInv1819BP1HX1	28	15	0	15	15	
INVHsInv1819BP2HX1	976	13	0	13	13	
INVHsInv1820BP1HG03115	1443	34	0	34	34	
INVHsInv1820BP2HG03115	2779	32	0	32	32	
INVHsInv1838BP1YH	1679	109	103	6	6	errorMatches
INVHsInv1838BP2YH	1370	199	0	199	199	
INVHsInv1848BP1NA19129	586	83	0	83	83	
INVHsInv1848BP2NA19129	1968	153	53	100	100	errorMatches
INVHsInv1867BP1NA12878	1909	307	0	307	307	
INVHsInv1867BP2NA12878	1181	517	0	517	517	
INVHsInv1874BP1CHM13	3346	1174	10	1164	1164	errorMatches
INVHsInv1875BP1CHM13	17	6	0	6	6	
INVHsInv1875BP2CHM13	20	7	0	7	7	
REFHsOta1141BP0HG38	4869	1657	1657	0	1657	
REFHsOtb1141BP3HG38	5760	1913	1912	1	1912	errorMatches
REFHsOtb1141BP4HG38	5412	1931	1931	0	1931	
REFHsOtb1874BP3HG38	2601	971	971	0	971	
REFHsOth0154BP0HG38	2222	978	978	0	978	
REFHsOth0170BP0HG38	2405	1173	1173	0	1173	
REFHsOth0171BP0HG38	2474	1497	1497	0	1497	
REFHsOth0178BP0HG38	3046	1351	1351	0	1351	
REFHsOth0182BP0HG38	1403	814	814	0	814	
REFHsOth0186BP0HG38	2946	1670	1669	1	1669	errorMatches
REFHsOth0211BP0HG38	3071	1456	1455	1	0	emptyRef,errorMatches
REFHsOth0224BP0HG38	2750	1496	1496	0	1496	
REFHsOth0310BP0HG38	3599	1578	1577	1	1577	errorMatches
REFHsOth0335BP0HG38	1484	1121	1059	62	1058	errorMatches
REFHsOth0463BP0HG38	2043	785	782	3	782	errorMatches
REFHsOth0574BP0HG38	2411	1346	1339	7	1339	errorMatches
REFHsOth0589BP0HG38	2181	1314	1245	69	1245	errorMatches
REFHsOth0612BP0HG38	3009	1629	1629	0	1629	
REFHsOth0968BP0HG38	2	2	2	0	0	emptyRef
REFHsOth0987BP0HG38	2075	777	771	6	771	errorMatches
REFHsOth0997BP0HG38	2871	1174	1161	13	1161	errorMatches
REFHsOth1004BP0HG38	4081	1069	1069	0	1069	
REFHsOth1013BP0HG38	4982	1558	1558	0	1558	
REFHsOth1112BP0HG38	1833	955	948	7	948	errorMatches
REFHsOth1122BP1HG18	1970	792	792	0	792	
REFHsOth1122BP2HG18	1475	497	497	0	497	
REFHsOth1130BP0HG38	1661	894	894	0	894	
REFHsOth1146BP0HG38	2765	1172	1172	0	1172	
REFHsOth1153BP0HG38	1707	840	840	0	840	
REFHsOth1216BP0HG38	4202	1655	1655	0	1655	
REFHsOth1225BP0HG38	2602	1462	1462	0	1462	
REFHsOth1240BP0HG38	4475	1814	1813	1	1813	errorMatches
REFHsOth1269BP0HG38	3371	2022	2022	0	2022	
REFHsOth1275BP0HG38	2801	1843	1843	0	1843	
REFHsOth1306BP1HG38	9303	3280	3280	0	3280	
REFHsOth1306BP2HG38	8954	3490	3489	1	3489	errorMatches
REFHsOth1313BP0HG38	1	1	1	0	0	emptyRef
REFHsOth1329BP0HG38	3964	1599	1598	1	1598	errorMatches
REFHsOth1376BP0HG38	6750	2003	1980	23	1980	errorMatches
REFHsOth1408BP0HG38	3197	1618	1618	0	1618	
REFHsOth1411BP0HG38	2438	1205	1194	11	1194	errorMatches
REFHsOth1414BP0HG38	2334	1344	1294	50	1294	errorMatches
REFHsOth1422BP0HG38	1908	917	917	0	917	
REFHsOth1425BP0HG38	3552	1991	1991	0	1991	
REFHsOth1428BP1HG38	3983	1369	1348	21	1348	errorMatches
REFHsOth1428BP2HG38	5619	1557	1557	0	1557	
REFHsOth1432BP1HG38	5613	2040	2039	1	2039	errorMatches
REFHsOth1432BP2HG38	5376	1943	1943	0	1943	
REFHsOth1454BP1HG38	3771	1325	1266	59	1264	errorMatches
REFHsOth1454BP2HG38	3500	1431	1424	7	1424	errorMatches
REFHsOth1468BP0HG38	4381	1801	1801	0	1801	
REFHsOth1471BP0HG38	4235	1808	1808	0	1808	
REFHsOth1484BP0HG38	3059	1789	1789	0	1789	
REFHsOth1497BP0HG38	4956	2305	2305	0	2305	
REFHsOth1511BP0HG38	2558	1481	1481	0	1481	
REFHsOth1579BP0HG38	2305	1401	1397	4	1397	errorMatches
REFHsOth1614BP0HG38	9406	3702	3702	0	3702	
REFHsOth1637BP1HG38	3258	1201	1186	15	1185	errorMatches
REFHsOth1637BP2HG38	4109	1432	1432	0	1432	
REFHsOth1667BP1HG38	3057	1372	1372	0	1372	
REFHsOth1667BP2HG38	3961	1392	1392	0	1392	
REFHsOth1681BP1HG38	5217	1800	1113	687	1111	errorMatches
REFHsOth1681BP2HG38	4422	1557	1547	10	1547	errorMatches
REFHsOth1700BP0HG38	3079	1795	1795	0	1795	
REFHsOth1751BP0HG38	2935	1813	1813	0	1813	
REFHsOth1794BP0HG38	5423	1537	1537	0	1537	
STDHsInv0004BP1HG18	2645	1653	1653	0	1653	
STDHsInv0004BP2HG18	2619	1596	1596	0	1596	
STDHsInv0006BP1HG18	1994	946	946	0	946	
STDHsInv0006BP2HG18	1715	791	791	0	791	
STDHsInv0015BP2HG18	980	571	570	1	570	errorMatches
STDHsInv0016BP1HG18	560	154	154	0	154	
STDHsInv0016BP2HG18	524	154	154	0	154	
STDHsInv0041BP1HG18	1770	587	587	0	587	
STDHsInv0041BP2HG18	3725	349	230	119	227	errorMatches
STDHsInv0044BP2HG18	1	0	0	0	0	emptyRef,allFiltered
STDHsInv0058BP1HG18	3897	782	782	0	782	
STDHsInv0058BP2HG18	3057	732	731	1	731	errorMatches
STDHsInv0059BP1HG18	978	578	578	0	578	
STDHsInv0059BP2HG18	2558	571	570	1	570	errorMatches
STDHsInv0060BP1HG18	1520	741	741	0	741	
STDHsInv0060BP2HG18	3559	675	675	0	675	
STDHsInv0068BP1HG18	421	214	214	0	214	
STDHsInv0068BP2HG18	287	167	167	0	167	
STDHsInv0081BP1HG18	1636	728	728	0	728	
STDHsInv0081BP2HG18	2104	794	791	3	791	errorMatches
STDHsInv0091BP1HG38	5552	1898	1898	0	1898	
STDHsInv0091BP2HG38	8305	1948	1948	0	1948	
STDHsInv0092BP1HG18	2803	1665	1665	0	1665	
STDHsInv0092BP2HG18	1752	1004	1003	1	1003	errorMatches
STDHsInv0095BP1HG18	1321	445	444	1	444	errorMatches
STDHsInv0095BP2HG18	1049	499	497	2	497	errorMatches
STDHsInv0097BP1HG18	5563	1821	1821	0	1821	
STDHsInv0097BP2HG18	5952	2016	2015	1	2015	errorMatches
STDHsInv0098BP1HG18	4596	1460	1438	22	1438	errorMatches
STDHsInv0098BP2HG18	6708	2048	2048	0	2048	
STDHsInv0102BP1HG18	3205	1481	1481	0	1481	
STDHsInv0102BP2HG18	3407	1336	1295	41	1295	errorMatches
STDHsInv0105BP1HG18	910	528	528	0	528	
STDHsInv0105BP2HG18	864	521	521	0	521	
STDHsInv0113BP2HG38	3769	1803	1802	1	1802	errorMatches
STDHsInv0141BP1HG38	6694	1709	1709	0	1709	
STDHsInv0141BP2HG38	7231	1796	1796	0	1796	
STDHsInv0156BP1HG18	3540	1319	1319	0	1319	
STDHsInv0156BP2HG18	2548	912	912	0	912	
STDHsInv0163BP1HG18	2489	1503	1503	0	1503	
STDHsInv0163BP2HG18	2384	1265	1265	0	1265	
STDHsInv0164BP1HG38	3647	1666	1666	0	1666	
STDHsInv0164BP2HG38	3872	1727	1727	0	1727	
STDHsInv0174BP1HG18	1941	620	620	0	620	
STDHsInv0174BP2HG18	763	461	461	0	461	
STDHsInv0181BP1HG38	1846	747	747	0	747	
STDHsInv0181BP2HG38	105	0	0	0	0	emptyRef,allFiltered
STDHsInv0191BP1HG38	2	1	0	1	0	emptyRef,errorMatches
STDHsInv0200BP1HG38	1831	419	383	36	383	errorMatches
STDHsInv0201BP1HG18	2384	756	756	0	756	
STDHsInv0201BP2HG18	2555	870	870	0	870	
STDHsInv0212BP1HG38	4	2	2	0	0	emptyRef
STDHsInv0212BP2HG38	4	0	0	0	0	emptyRef,allFiltered
STDHsInv0213BP1HG38	4891	2224	2224	0	2224	
STDHsInv0213BP2HG38	3662	1769	1769	0	1769	
STDHsInv0260BP1HG18	5251	1555	1555	0	1555	
STDHsInv0284BP1HG18	2552	1539	1538	1	1538	errorMatches
STDHsInv0284BP2HG18	3400	1328	1328	0	1328	
STDHsInv0379BP1HG18	1115	620	620	0	620	
STDHsInv0379BP2HG18	4262	1378	1372	6	1372	errorMatches
STDHsInv0409BP1HG18	1516	547	547	0	547	
STDHsInv0409BP2HG18	3135	728	728	0	728	
STDHsInv0442BP1HG38	2350	835	835	0	835	
STDHsInv0442BP2HG38	2898	836	836	0	836	
STDHsInv0553BP1HG38	4582	1851	1765	86	1764	errorMatches
STDHsInv0901BP1HG38	3163	5	5	0	5	
STDHsInv0901BP2HG38	2372	5	5	0	5	
STDHsInv0960BP1HG38	2769	1812	1812	0	1812	
STDHsInv0960BP2HG38	4797	2025	2024	1	2024	errorMatches
STDHsInv0965BP1HG18	2657	1402	1402	0	1402	
STDHsInv0965BP2HG18	3375	1361	1361	0	1361	
STDHsInv0989BP1HG38	3059	1780	1408	372	1387	errorMatches
STDHsInv0989BP2HG38	5184	1830	1830	0	1829	
STDHsInv0991BP1HG38	543	282	282	0	282	
STDHsInv0991BP2HG38	2010	242	242	0	242	
STDHsInv1053BP1HG18	2037	706	706	0	706	
STDHsInv1053BP2HG18	764	373	373	0	373	
STDHsInv1065BP1HG38	3519	1332	1332	0	1332	
STDHsInv1065BP2HG38	3764	1071	1071	0	1071	
STDHsInv1065BP3HG38	2829	1194	1194	0	1194	
STDHsInv1065BP4HG38	3666	865	865	0	865	
STDHsInv1066BP1HG18	3898	1908	1908	0	1908	
STDHsInv1066BP2HG18	3194	1805	1805	0	1805	
STDHsInv1070BP1HG18	4682	1558	1500	58	1473	errorMatches
STDHsInv1070BP2HG18	3026	1184	1132	52	1132	errorMatches
STDHsInv1075BP1HG18	3912	1625	1268	357	1239	errorMatches
STDHsInv1075BP2HG18	2294	1321	1271	50	1271	errorMatches
STDHsInv1116BP1HG18	545	191	191	0	191	
STDHsInv1116BP2HG18	376	221	221	0	221	
STDHsInv1122BP1HG18	2241	826	824	2	824	errorMatches
STDHsInv1122BP2HG18	1497	800	798	2	798	errorMatches
STDHsInv1127BP1HG38	1910	630	629	1	629	errorMatches
STDHsInv1127BP2HG38	432	228	226	2	226	errorMatches
STDHsInv1128BP1HG38	5148	1818	1817	1	1817	errorMatches
STDHsInv1128BP2HG38	5318	1624	1617	7	1617	errorMatches
STDHsInv1129BP1HG38	3675	935	935	0	935	
STDHsInv1129BP2HG38	1787	829	829	0	829	
STDHsInv1143BP1HG38	2	2	2	0	0	emptyRef
STDHsInv1143BP2HG38	1	0	0	0	0	emptyRef,allFiltered
STDHsInv1222BP1HG38	4270	1455	1455	0	1455	
STDHsInv1222BP2HG38	4484	1361	1361	0	1361	
STDHsInv1256BP1HG38	4995	1730	1721	9	1721	errorMatches
STDHsInv1256BP2HG38	4828	1912	1911	1	1911	errorMatches
STDHsInv1258BP1HG38	3909	1570	1570	0	1570	
STDHsInv1258BP2HG38	4743	1744	1741	3	1741	errorMatches
STDHsInv1263BP1HG38	4378	1246	1246	0	1246	
STDHsInv1263BP2HG38	3134	1091	1091	0	1091	
STDHsInv1264BP2HG38	5334	2012	2012	0	2012	
STDHsInv1306BP1HG38	4355	3219	3219	0	3219	
STDHsInv1306BP2HG38	6659	3689	3688	1	3688	errorMatches
STDHsInv1314BP1HG38	4135	1835	1835	0	1835	
STDHsInv1314BP2HG38	4326	1561	1561	0	1561	
STDHsInv1321BP1HG38	1697	999	988	11	988	errorMatches
STDHsInv1321BP2HG38	2998	1093	1092	1	1092	errorMatches
STDHsInv1348BP1HG38	4918	1735	1734	1	1734	errorMatches
STDHsInv1348BP2HG38	3071	1735	1733	2	1733	errorMatches
STDHsInv1358BP1HG38	4007	1196	1196	0	1196	
STDHsInv1358BP2HG38	4417	1563	1563	0	1563	
STDHsInv1360BP1HG38	4746	1841	1841	0	1841	
STDHsInv1360BP2HG38	5716	1463	1463	0	1463	
STDHsInv1402BP1HG38	4411	1739	1739	0	1739	
STDHsInv1402BP2HG38	4087	1614	1532	82	1531	errorMatches
STDHsInv1421BP1HG38	6370	2289	2289	0	2289	
STDHsInv1421BP2HG38	4220	2246	2246	0	2246	
STDHsInv1427BP1HG38	4886	1821	1808	13	1808	errorMatches
STDHsInv1427BP2HG38	3194	1738	1738	0	1738	
STDHsInv1474BP1HG38	3029	1096	1016	80	1016	errorMatches
STDHsInv1474BP2HG38	2210	748	710	38	710	errorMatches
STDHsInv1569BP1HG38	4713	1776	1773	3	1773	errorMatches
STDHsInv1569BP2HG38	4146	1783	1781	2	1781	errorMatches
STDHsInv1590BP1HG38	4287	1624	1624	0	1624	
STDHsInv1590BP2HG38	4161	1622	1622	0	1622	
STDHsInv1785BP1HG38	4527	2039	1897	142	1897	errorMatches
STDHsInv1785BP2HG38	2473	1295	1153	142	1152	errorMatches
STDHsInv1790BP1HG38	4637	2191	2191	0	2191	
STDHsInv1790BP2HG38	3704	1513	1503	10	1503	errorMatches
STDHsInv1798BP0HG38	1836	1037	1021	16	1021	errorMatches
STDHsInv1819BP1HG38	3735	1702	1702	0	1702	
STDHsInv1819BP2HG38	3359	1218	1218	0	1218	
STDHsInv1820BP1HG38	4163	1512	1391	121	1391	errorMatches
STDHsInv1820BP2HG38	4919	1406	824	582	816	errorMatches
STDHsInv1838BP1HG38	4123	1624	1624	0	1624	
STDHsInv1838BP2HG38	2203	367	357	10	357	errorMatches
STDHsInv1848BP1HG38	2291	1346	1327	19	1327	errorMatches
STDHsInv1848BP2HG38	4677	2055	1925	130	1925	errorMatches
STDHsInv1867BP1HG38	3948	1413	895	518	891	errorMatches
STDHsInv1867BP2HG38	3406	1425	1378	47	1377	errorMatches
STDHsInv1868BP1HG38	2657	1335	1326	9	1326	errorMatches
STDHsInv1868BP2HG38	2573	1589	1589	0	1589	
STDHsInv1874BP1HG38	2808	0	0	0	0	emptyRef,allFiltered
STDHsInv1875BP1HG38	5	1	1	0	0	emptyRef
STDHsInv1875BP2HG38	12	0	0	0	0	emptyRef,allFiltered
