Inversion	Numinds.with.ref	Percentage.Different GType	Percentage.Same GType	Percentage.Filter (few reads)	Percentage.Filter (0 reads)	Numinds.geno.break	Reads.Min	Reads.Median	Reads.Mean	Reads.Max	QualityTest
HsInv0004	187	0	56.6844919786096	42.7807486631016	0.53475935828877	414	1	9	9.24514563106796	30	
HsInv0006	188	0	38.8297872340425	59.5744680851064	1.59574468085106	414	1	6	6.5990099009901	29	
HsInv0015	92	0	29.3478260869565	69.5652173913043	1.08695652173913	414	1	7	7.19559902200489	28	
HsInv0016	92	0	59.7826086956522	39.1304347826087	1.08695652173913	414	1	7	7.61042183622829	28	
HsInv0041	188	0.531914893617021	23.936170212766	67.0212765957447	8.51063829787234	414	1	4	4.49104859335038	17	
HsInv0044	NA	NA	NA	NA	NA	414	2	11	11.7433414043584	32	
HsInv0058	187	0	59.3582887700535	40.1069518716578	0.53475935828877	414	1	8	9.15533980582524	32	
HsInv0059	188	0.531914893617021	56.9148936170213	39.3617021276596	3.19148936170213	414	1	7	7.74752475247525	25	
HsInv0060	91	2.1978021978022	42.8571428571429	53.8461538461538	1.0989010989011	414	1	6	6.72262773722628	29	
HsInv0068	187	0.53475935828877	14.4385026737968	82.8877005347594	2.13903743315508	414	1	5	5.51980198019802	34	
HsInv0081	92	0	45.6521739130435	52.1739130434783	2.17391304347826	414	1	6	6.57035175879397	22	
HsInv0091	92	1.08695652173913	43.4782608695652	54.3478260869565	1.08695652173913	414	2	13	15.1331719128329	48	
HsInv0092	188	0	57.9787234042553	42.0212765957447	0	414	1	8	8.65942028985507	31	
HsInv0095	188	0.531914893617021	46.2765957446808	53.1914893617021	0	414	1	7	7.69491525423729	23	
HsInv0097	188	0	62.2340425531915	37.2340425531915	0.531914893617021	414	1	9	9.47941888619855	28	
HsInv0098	188	0	49.468085106383	50.531914893617	0	414	1	9	9.5593220338983	30	
HsInv0102	188	0	56.9148936170213	41.4893617021277	1.59574468085106	414	1	8	8.25365853658537	23	
HsInv0105	188	0.531914893617021	44.1489361702128	52.6595744680851	2.65957446808511	414	1	6	7.05418719211823	23	
HsInv0113	96	0	44.7916666666667	52.0833333333333	3.125	414	1	5	5.055	18	
HsInv0141	92	0	60.8695652173913	39.1304347826087	0	414	1	8	9.07542579075426	31	
HsInv0156	110	0	48.1818181818182	49.0909090909091	2.72727272727273	414	1	6	6.85294117647059	21	
HsInv0163	119	0	57.9831932773109	40.3361344537815	1.68067226890756	414	1	7	7.94376528117359	29	
HsInv0164	90	0	51.1111111111111	47.7777777777778	1.11111111111111	414	1	8	8.86308068459658	25	
HsInv0174	92	0	51.0869565217391	48.9130434782609	0	414	1	8	8.59512195121951	27	
HsInv0181	89	0	0	14.6067415730337	85.3932584269663	414	1	2	1.85483870967742	5	Low read count
HsInv0191	92	0	0	18.4782608695652	81.5217391304348	414	1	2	2.07619047619048	7	
HsInv0200	NA	NA	NA	NA	NA	414	1	2	2.03139013452915	9	
HsInv0201	188	1.59574468085106	59.0425531914894	37.7659574468085	1.59574468085106	414	1	8	8.68215158924205	26	
HsInv0212	92	0	0	10.8695652173913	89.1304347826087	414	1	2	2.075	7	
HsInv0213	NA	NA	NA	NA	NA	414	1	9	10.0338983050847	31	
HsInv0260	188	0	24.468085106383	71.2765957446808	4.25531914893617	414	1	4	4.79448621553885	21	
HsInv0284	187	0	54.0106951871658	44.3850267379679	1.60427807486631	414	1	7	7.40686274509804	22	
HsInv0379	193	0	36.7875647668394	59.5854922279793	3.62694300518135	414	1	5	5.71039603960396	22	
HsInv0409	188	0	36.1702127659575	60.1063829787234	3.72340425531915	414	1	5	5.54219948849105	20	
HsInv0442	92	1.08695652173913	58.695652173913	39.1304347826087	1.08695652173913	414	1	8	8.4064039408867	24	
HsInv0553	92	0	0	0	100	414	1	1	1	1	Low read count
HsInv0901	91	2.1978021978022	6.59340659340659	36.2637362637363	54.9450549450549	414	1	3	3.65060240963855	13	
HsInv0960	92	0	59.7826086956522	40.2173913043478	0	414	1	9	10.0484261501211	27	
HsInv0965	113	0	53.0973451327434	45.1327433628319	1.76991150442478	414	1	7	7.86732186732187	31	
HsInv0989	92	0	63.0434782608696	35.8695652173913	1.08695652173913	414	1	8	8.09512195121951	26	
HsInv0991	92	0	46.7391304347826	51.0869565217391	2.17391304347826	414	1	6	6.41707317073171	19	
HsInv1053	188	0	59.5744680851064	39.8936170212766	0.531914893617021	414	1	8	8.39320388349515	27	
HsInv1065	92	0	59.7826086956522	40.2173913043478	0	414	1	13	13.9009661835749	41	
HsInv1066	122	0	59.0163934426229	40.1639344262295	0.819672131147541	414	1	9	9.27118644067797	28	
HsInv1070	121	0	46.2809917355372	53.7190082644628	0	414	1	6	6.43031784841076	24	
HsInv1075	119	0	42.0168067226891	54.6218487394958	3.36134453781513	414	1	6	6.3283950617284	21	
HsInv1116	188	0.531914893617021	58.5106382978723	39.3617021276596	1.59574468085106	414	1	8	8.90464547677262	30	
HsInv1122	67	0	40.2985074626866	58.2089552238806	1.49253731343284	414	1	5	6.05140186915888	26	
HsInv1127	92	0	14.1304347826087	65.2173913043478	20.6521739130435	414	1	2.5	3.45541401273885	13	
HsInv1128	92	0	50	50	0	414	1	7	8.46359223300971	30	
HsInv1129	94	0	29.7872340425532	69.1489361702128	1.06382978723404	414	1	4	4.72634271099744	17	
HsInv1143	92	1.08695652173913	0	2.17391304347826	96.7391304347826	414	1	2	2.73684210526316	7	
HsInv1222	91	0	62.6373626373626	37.3626373626374	0	414	1	7	7.59158415841584	24	
HsInv1256	92	0	63.0434782608696	34.7826086956522	2.17391304347826	414	1	9	9.45873786407767	28	
HsInv1258	92	0	58.695652173913	40.2173913043478	1.08695652173913	414	1	9	9.29126213592233	30	
HsInv1263	92	1.08695652173913	45.6521739130435	47.8260869565217	5.43478260869565	414	1	6	6.58121827411168	26	
HsInv1264	93	0	45.1612903225806	51.6129032258064	3.2258064516129	414	1	5	5.20443349753695	17	
HsInv1306	92	0	59.7826086956522	40.2173913043478	0	414	1	9	8.82082324455206	29	
HsInv1314	92	0	65.2173913043478	33.695652173913	1.08695652173913	414	1	8	8.42822384428224	25	
HsInv1321	90	0	30	68.8888888888889	1.11111111111111	414	1	6	7.00243902439024	29	
HsInv1348	91	0	63.7362637362637	36.2637362637363	0	414	1	9	9.6231884057971	28	
HsInv1358	92	0	46.7391304347826	53.2608695652174	0	414	1	7	7.61800486618005	23	
HsInv1360	96	0	56.25	43.75	0	414	1	8	8.48661800486618	23	
HsInv1402	92	0	57.6086956521739	41.304347826087	1.08695652173913	414	1	8	8.52078239608802	25	
HsInv1421	92	0	44.5652173913043	55.4347826086957	0	414	1	11	11.7878048780488	51	
HsInv1427	92	0	55.4347826086957	43.4782608695652	1.08695652173913	414	1	9	9.99513381995134	31	
HsInv1474	91	0	39.5604395604396	59.3406593406593	1.0989010989011	414	1	5	5.33830845771144	18	
HsInv1569	92	0	61.9565217391304	36.9565217391304	1.08695652173913	414	1	8	8.85436893203883	26	
HsInv1590	92	1.08695652173913	54.3478260869565	44.5652173913043	0	414	1	8	8.48780487804878	29	
HsInv1785	91	0	51.6483516483517	47.2527472527472	1.0989010989011	414	1	7	7.23114355231144	21	
HsInv1790	93	0	54.8387096774194	45.1612903225806	0	414	1	9	9.22705314009662	28	
HsInv1798	91	1.0989010989011	3.2967032967033	92.3076923076923	3.2967032967033	414	1	5	5.46529562982005	26	
HsInv1819	93	0	53.763440860215	45.1612903225806	1.0752688172043	414	1	6	7.30731707317073	27	
HsInv1820	92	0	41.304347826087	57.6086956521739	1.08695652173913	414	1	5	5.21695760598504	17	
HsInv1838	92	3.26086956521739	31.5217391304348	63.0434782608696	2.17391304347826	414	1	5	5.1439205955335	21	
HsInv1848	92	0	32.6086956521739	67.3913043478261	0	414	1	8	9.08958837772397	28	
HsInv1867	92	0	32.6086956521739	65.2173913043478	2.17391304347826	414	1	5	5.67493796526055	22	
HsInv1868	NA	NA	NA	NA	NA	414	1	7	7.22946859903382	23	
HsInv1874	NA	NA	NA	NA	NA	414	1	2	2.60670731707317	10	
HsInv1875	91	0	0	2.1978021978022	97.8021978021978	414	1	1	1.44444444444444	2	Low read count
HsOtb1874	NA	NA	NA	NA	NA	414	1	2	2.22519083969466	9	
HsOth0154	NA	NA	NA	NA	NA	414	1	7	8.76528117359413	33	
HsOth0170	NA	NA	NA	NA	NA	414	1	5	5.6575	19	
HsOth0171	NA	NA	NA	NA	NA	414	1	5	5.5825	21	
HsOth0178	NA	NA	NA	NA	NA	414	1	4	4.30848329048843	21	
HsOth0182	NA	NA	NA	NA	NA	414	1	6	7.03921568627451	23	
HsOth0186	NA	NA	NA	NA	NA	414	1	4	4.58897243107769	17	
HsOth0211	NA	NA	NA	NA	NA	414	1	4	4.56020942408377	17	
HsOth0224	NA	NA	NA	NA	NA	414	1	5.5	5.92537313432836	21	
HsOth0310	NA	NA	NA	NA	NA	414	1	4	5.13965087281796	25	
HsOth0335	NA	NA	NA	NA	NA	414	1	3	2.86648501362398	10	
HsOth0463	NA	NA	NA	NA	NA	414	1	4	4.80964467005076	25	
HsOth0574	NA	NA	NA	NA	NA	414	1	6	6.40441176470588	25	
HsOth0589	NA	NA	NA	NA	NA	414	1	5	6.29528535980149	27	
HsOth0612	NA	NA	NA	NA	NA	414	1	5	5.10552763819095	18	
HsOth0968	NA	NA	NA	NA	NA	414	1	2	2.03125	8	Low read count
HsOth0987	NA	NA	NA	NA	NA	414	1	4	4.51336898395722	18	
HsOth0997	NA	NA	NA	NA	NA	414	1	6	6.76039119804401	25	
HsOth1004	NA	NA	NA	NA	NA	414	1	6	6.91851851851852	26	
HsOth1013	NA	NA	NA	NA	NA	414	1	4	4.62849872773537	17	
HsOth1112	NA	NA	NA	NA	NA	414	1	4	4.35294117647059	18	
HsOth1122	105	0	27.6190476190476	71.4285714285714	0.952380952380952	414	1	5	5.7719298245614	21	
HsOth1130	NA	NA	NA	NA	NA	414	1	5	5.36410256410256	18	
HsOth1146	NA	NA	NA	NA	NA	414	1	3	3.42547425474255	13	
HsOth1153	NA	NA	NA	NA	NA	414	1	3	3.55525606469003	12	
HsOth1216	NA	NA	NA	NA	NA	414	1	4	4.3859649122807	14	
HsOth1225	NA	NA	NA	NA	NA	414	1	4	4.49376558603491	23	
HsOth1240	NA	NA	NA	NA	NA	414	1	4	4.7425	18	
HsOth1269	NA	NA	NA	NA	NA	414	1	5	5.36585365853659	18	
HsOth1275	NA	NA	NA	NA	NA	414	1	5	5.12967581047382	20	
HsOth1306	NA	NA	NA	NA	NA	414	1	8	8.98309178743961	28	
HsOth1313	NA	NA	NA	NA	NA	414	1	2	2.14035087719298	8	
HsOth1329	NA	NA	NA	NA	NA	414	1	4	4.52480417754569	41	
HsOth1376	NA	NA	NA	NA	NA	414	1	5	5.18765432098765	26	
HsOth1408	NA	NA	NA	NA	NA	414	1	4	4.47300771208226	15	
HsOth1411	NA	NA	NA	NA	NA	414	1	5	4.96019900497512	15	
HsOth1414	NA	NA	NA	NA	NA	414	1	4	4.23076923076923	18	
HsOth1422	NA	NA	NA	NA	NA	414	1	5	5.66172839506173	24	
HsOth1425	NA	NA	NA	NA	NA	414	1	4.5	5.08208955223881	19	
HsOth1428	NA	NA	NA	NA	NA	414	1	8	8.64975845410628	27	
HsOth1432	NA	NA	NA	NA	NA	414	1	9	10.0458937198068	33	
HsOth1454	NA	NA	NA	NA	NA	414	1	8	8.82766990291262	29	
HsOth1468	NA	NA	NA	NA	NA	414	1	4	4.59203980099502	18	
HsOth1471	NA	NA	NA	NA	NA	414	1	4	4.865	16	
HsOth1484	NA	NA	NA	NA	NA	414	1	5	5.09273182957393	16	
HsOth1497	NA	NA	NA	NA	NA	414	1	6	6.41320293398533	28	
HsOth1511	NA	NA	NA	NA	NA	414	1	4	4.49367088607595	19	
HsOth1579	NA	NA	NA	NA	NA	414	1	4	4	15	
HsOth1614	NA	NA	NA	NA	NA	414	2	8	9.86138613861386	30	
HsOth1637	NA	NA	NA	NA	NA	414	1	6	6.63861386138614	29	
HsOth1667	NA	NA	NA	NA	NA	414	1	8	8.69174757281553	32	
HsOth1681	NA	NA	NA	NA	NA	414	1	5	5.23716381418093	18	
HsOth1700	NA	NA	NA	NA	NA	414	1	4	4.63546798029557	17	
HsOth1751	NA	NA	NA	NA	NA	414	1	5	5.13131313131313	18	
HsOth1794	NA	NA	NA	NA	NA	414	1	4	4.08483290488432	15	
