Inversion	Numinds.with.ref	Percentage.Different GType	Percentage.Same GType	Percentage.Filter (few reads)	Percentage.Filter (0 reads)	Numinds.geno.break	Reads.Min	Reads.Median	Reads.Mean	Reads.Max	QualityTest
HsInv0004	182	0	53.8461538461538	41.7582417582418	4.3956043956044	379	1	8	8.94148936170213	28	
HsInv0006	183	0	43.7158469945355	50.2732240437158	6.01092896174863	379	1	6	6.73297002724796	28	
HsInv0015	87	0	26.4367816091954	67.816091954023	5.74712643678161	379	1	6	6.91689008042895	27	
HsInv0016	87	0	59.7701149425287	34.4827586206897	5.74712643678161	379	1	7	7.1875	27	
HsInv0041	183	0.546448087431694	20.2185792349727	65.5737704918033	13.6612021857924	379	1	4	4.39769452449568	17	
HsInv0044	NA	NA	NA	NA	NA	379	2	11	11.4801061007958	32	
HsInv0058	182	0.549450549450549	58.2417582417582	36.8131868131868	4.3956043956044	379	1	8	8.63129973474801	34	
HsInv0059	183	0.546448087431694	53.0054644808743	39.344262295082	7.10382513661202	379	1	7	7.48767123287671	25	
HsInv0060	86	1.16279069767442	40.6976744186046	52.3255813953488	5.81395348837209	379	1	5	6.39946380697051	29	
HsInv0068	182	0.549450549450549	35.7142857142857	57.1428571428571	6.59340659340659	379	1	5	5.45380434782609	32	
HsInv0081	87	0	43.6781609195402	49.4252873563218	6.89655172413793	379	1	6	6.42307692307692	22	
HsInv0091	87	1.14942528735632	37.9310344827586	55.1724137931034	5.74712643678161	379	1	13	14.6728723404255	48	
HsInv0092	183	0	53.0054644808743	42.6229508196721	4.37158469945355	379	1	7	7.55053191489362	29	
HsInv0095	183	0	42.6229508196721	53.0054644808743	4.37158469945355	379	1	6	6.96010638297872	22	
HsInv0097	183	0	59.5628415300546	36.0655737704918	4.37158469945355	379	1	8	9.20954907161804	27	
HsInv0098	183	0	57.9234972677596	37.7049180327869	4.37158469945355	379	1	9	9.48404255319149	29	
HsInv0102	183	0	59.0163934426229	35.5191256830601	5.46448087431694	379	1	7	8.06166219839142	22	
HsInv0105	183	1.09289617486339	49.7267759562842	43.7158469945355	5.46448087431694	379	1	6	6.91666666666667	23	
HsInv0113	91	0	45.0549450549451	47.2527472527472	7.69230769230769	379	1	5	5.06593406593407	17	
HsInv0141	87	0	55.1724137931034	39.0804597701149	5.74712643678161	379	1	8	8.97319034852547	30	
HsInv0156	104	0	49.0384615384615	41.3461538461538	9.61538461538462	379	1	6	6.71625344352617	21	
HsInv0163	113	0	57.5221238938053	37.1681415929204	5.30973451327434	379	1	7	7.80862533692722	28	
HsInv0164	85	0	44.7058823529412	49.4117647058824	5.88235294117647	379	1	8	8.68632707774799	24	
HsInv0174	87	0	41.3793103448276	54.0229885057471	4.59770114942529	379	1	7	8.05913978494624	24	
HsInv0181	84	0	38.0952380952381	51.1904761904762	10.7142857142857	379	1	6	6.25348189415042	19	
HsInv0191	87	0	55.1724137931034	37.9310344827586	6.89655172413793	379	1	9	9.5	26	
HsInv0200	NA	NA	NA	NA	NA	379	1	2	2.03888888888889	8	
HsInv0201	183	0.546448087431694	56.8306010928962	37.1584699453552	5.46448087431694	379	1	8	8.304	25	
HsInv0212	87	1.14942528735632	56.3218390804598	37.9310344827586	4.59770114942529	379	1	8	8.70133333333333	27	
HsInv0213	NA	NA	NA	NA	NA	379	1	9	9.90957446808511	31	
HsInv0260	183	0	21.8579234972678	69.3989071038251	8.7431693989071	379	1	4	4.6831955922865	20	
HsInv0284	182	0	58.2417582417582	35.1648351648352	6.59340659340659	379	1	7	7.22826086956522	22	
HsInv0379	187	0	35.2941176470588	56.1497326203209	8.55614973262032	379	1	4	5.01373626373626	21	
HsInv0409	183	0	34.9726775956284	55.7377049180328	9.2896174863388	379	1	5	5.39265536723164	19	
HsInv0442	87	1.14942528735632	58.6206896551724	33.3333333333333	6.89655172413793	379	1	8	8.40379403794038	24	
HsInv0553	87	0	32.183908045977	59.7701149425287	8.04597701149425	379	1	4	4.63098591549296	15	
HsInv0901	86	0	53.4883720930233	41.8604651162791	4.65116279069767	379	1	8	8.6781914893617	34	
HsInv0960	87	0	63.2183908045977	32.183908045977	4.59770114942529	379	1	9	9.82493368700265	27	
HsInv0965	107	0	53.2710280373832	42.0560747663551	4.67289719626168	379	1	7	7.8544474393531	31	
HsInv0989	87	0	59.7701149425287	34.4827586206897	5.74712643678161	379	1	8	8.06989247311828	22	
HsInv0991	87	0	44.8275862068966	48.2758620689655	6.89655172413793	379	1	6	6.17379679144385	19	
HsInv1053	183	0	48.6338797814208	46.9945355191257	4.37158469945355	379	1	7	7.66310160427807	25	
HsInv1065	87	0	56.3218390804598	33.3333333333333	10.3448275862069	379	1	12	13.4351351351351	41	
HsInv1066	116	0	52.5862068965517	39.6551724137931	7.75862068965517	379	1	9	9.18059299191375	28	
HsInv1070	115	0	60	35.6521739130435	4.34782608695652	379	1	6	6.53208556149733	24	
HsInv1075	113	0.884955752212389	49.5575221238938	42.4778761061947	7.07964601769912	379	1	6	7.21563342318059	25	
HsInv1116	183	0.546448087431694	54.0983606557377	39.8907103825137	5.46448087431694	379	1	8	8.69436997319035	30	
HsInv1122	65	0	50.7692307692308	41.5384615384615	7.69230769230769	379	1	9	11.752688172043	48	
HsInv1127	87	0	13.7931034482759	62.0689655172414	24.1379310344828	379	1	2	3.04240282685512	11	
HsInv1128	87	0	45.9770114942529	48.2758620689655	5.74712643678161	379	1	7	8.49184782608696	30	
HsInv1129	89	0	30.3370786516854	61.7977528089888	7.86516853932584	379	1	4	4.69209039548023	17	
HsInv1143	87	0	51.7241379310345	43.6781609195402	4.59770114942529	379	1	8	9.26595744680851	29	
HsInv1222	86	0	60.4651162790698	33.7209302325581	5.81395348837209	379	1	7	7.49051490514905	24	
HsInv1256	87	0	64.367816091954	28.735632183908	6.89655172413793	379	1	9	9.38297872340426	28	
HsInv1258	87	0	57.4712643678161	36.7816091954023	5.74712643678161	379	1	9	9.17241379310345	28	
HsInv1263	87	2.29885057471264	41.3793103448276	45.9770114942529	10.3448275862069	379	1	6	6.29608938547486	26	
HsInv1264	88	0	43.1818181818182	51.1363636363636	5.68181818181818	379	1	5	5.16981132075472	17	
HsInv1306	87	0	35.632183908046	58.6206896551724	5.74712643678161	379	2	16	17.0026595744681	55	High read count
HsInv1314	87	0	65.5172413793103	28.735632183908	5.74712643678161	379	1	8	8.38133333333333	25	
HsInv1321	85	0	34.1176470588235	58.8235294117647	7.05882352941176	379	1	6	6.87096774193548	28	
HsInv1348	86	0	59.3023255813954	36.046511627907	4.65116279069767	379	1	9	9.35543766578249	28	
HsInv1358	87	0	49.4252873563218	45.9770114942529	4.59770114942529	379	1	7	7.53243243243243	23	
HsInv1360	91	0	54.9450549450549	40.6593406593407	4.3956043956044	379	1	8	8.26684636118598	23	
HsInv1402	87	0	56.3218390804598	37.9310344827586	5.74712643678161	379	1	8	8.41554959785523	25	
HsInv1421	87	0	48.2758620689655	47.1264367816092	4.59770114942529	379	1	10	11.258064516129	51	
HsInv1427	87	0	50.5747126436782	42.5287356321839	6.89655172413793	379	1	9	9.44474393530997	30	
HsInv1474	86	0	36.046511627907	58.1395348837209	5.81395348837209	379	1	4	4.96398891966759	16	
HsInv1569	87	0	58.6206896551724	35.632183908046	5.74712643678161	379	1	8	8.64893617021277	26	
HsInv1590	87	1.14942528735632	56.3218390804598	37.9310344827586	4.59770114942529	379	1	8	8.41397849462366	29	
HsInv1785	86	0	46.5116279069767	45.3488372093023	8.13953488372093	379	1	8	8.02185792349727	22	
HsInv1790	88	0	51.1363636363636	44.3181818181818	4.54545454545455	379	1	9	8.98936170212766	25	
HsInv1798	86	1.16279069767442	18.6046511627907	70.9302325581395	9.30232558139535	379	1	3	3.65976331360947	13	
HsInv1819	88	0	54.5454545454545	39.7727272727273	5.68181818181818	379	1	6	7.18181818181818	23	
HsInv1820	87	0	48.2758620689655	45.9770114942529	5.74712643678161	379	1	5	5.63461538461539	19	
HsInv1838	87	3.44827586206897	36.7816091954023	51.7241379310345	8.04597701149425	379	1	5	5.37978142076503	23	
HsInv1848	87	0	50.5747126436782	43.6781609195402	5.74712643678161	379	1	7	8.40871934604905	29	
HsInv1867	87	0	54.0229885057471	39.0804597701149	6.89655172413793	379	1	7	7.54177897574124	26	
HsInv1868	NA	NA	NA	NA	NA	379	1	6	6.92266666666667	23	
HsInv1874	NA	NA	NA	NA	NA	379	1	3	3.48188405797101	16	
HsInv1875	86	0	24.4186046511628	63.953488372093	11.6279069767442	379	1	3	3.75602409638554	17	
HsOta1141	NA	NA	NA	NA	NA	379	2	8	8.89750692520776	28	
HsOtb1141	NA	NA	NA	NA	NA	379	2	18	18.9251336898396	58	High read count
HsOtb1874	NA	NA	NA	NA	NA	379	1	4	4.43668122270742	18	
HsOth0154	NA	NA	NA	NA	NA	379	1	7	8.2741935483871	33	
HsOth0170	NA	NA	NA	NA	NA	379	1	5	5.6510989010989	19	
HsOth0171	NA	NA	NA	NA	NA	379	1	5	5.53185595567867	21	
HsOth0178	NA	NA	NA	NA	NA	379	1	4	4.09915014164306	18	
HsOth0182	NA	NA	NA	NA	NA	379	1	6	6.72459893048128	25	
HsOth0186	NA	NA	NA	NA	NA	379	1	4	4.66946778711485	16	
HsOth0190	NA	NA	NA	NA	NA	379	1	4	4.86968838526912	21	
HsOth0211	NA	NA	NA	NA	NA	379	1	4	4.42372881355932	17	
HsOth0224	NA	NA	NA	NA	NA	379	1	6	5.84297520661157	20	
HsOth0310	NA	NA	NA	NA	NA	379	1	4	5.06868131868132	21	
HsOth0335	NA	NA	NA	NA	NA	379	1	2	2.94294294294294	12	
HsOth0463	NA	NA	NA	NA	NA	379	1	4	4.36127167630058	25	
HsOth0574	NA	NA	NA	NA	NA	379	1	6	6.41554959785523	26	
HsOth0589	NA	NA	NA	NA	NA	379	1	5	5.98633879781421	21	
HsOth0612	NA	NA	NA	NA	NA	379	1	5	5.04444444444444	18	
HsOth0968	NA	NA	NA	NA	NA	379	1	5	5.2103825136612	21	
HsOth0987	NA	NA	NA	NA	NA	379	1	4	4.56764705882353	18	
HsOth0997	NA	NA	NA	NA	NA	379	1	6	6.6058981233244	25	
HsOth1004	NA	NA	NA	NA	NA	379	1	6	6.69836956521739	24	
HsOth1013	NA	NA	NA	NA	NA	379	1	4	4.48739495798319	17	
HsOth1112	NA	NA	NA	NA	NA	379	1	3	3.76571428571429	15	
HsOth1122	100	0	27	67	6	379	1	4	5.62534435261708	20	
HsOth1130	NA	NA	NA	NA	NA	379	1	5	5.28611898016997	16	
HsOth1146	NA	NA	NA	NA	NA	379	1	3	3.5207100591716	13	
HsOth1153	NA	NA	NA	NA	NA	379	1	2	2.68729641693811	8	
HsOth1216	NA	NA	NA	NA	NA	379	1	4	4.21546961325967	14	
HsOth1225	NA	NA	NA	NA	NA	379	1	4	4.38692098092643	15	
HsOth1240	NA	NA	NA	NA	NA	379	1	4	4.68956043956044	17	
HsOth1269	NA	NA	NA	NA	NA	379	1	5	5.36927223719677	18	
HsOth1275	NA	NA	NA	NA	NA	379	1	4	4.98633879781421	20	
HsOth1306	NA	NA	NA	NA	NA	379	2	14	16.6392572944297	56	High read count
HsOth1313	NA	NA	NA	NA	NA	379	1	5	6.27956989247312	22	
HsOth1329	NA	NA	NA	NA	NA	379	1	4	4.31014492753623	26	
HsOth1376	NA	NA	NA	NA	NA	379	1	5	5.15447154471545	26	
HsOth1408	NA	NA	NA	NA	NA	379	1	4	4.46175637393768	15	
HsOth1411	NA	NA	NA	NA	NA	379	1	5	5.00817438692098	16	
HsOth1414	NA	NA	NA	NA	NA	379	1	3	3.93993993993994	16	
HsOth1422	NA	NA	NA	NA	NA	379	1	5	5.60217983651226	23	
HsOth1425	NA	NA	NA	NA	NA	379	1	4	5.02185792349727	18	
HsOth1428	NA	NA	NA	NA	NA	379	1	8	8.46296296296296	27	
HsOth1432	NA	NA	NA	NA	NA	379	1	9	9.91223404255319	32	
HsOth1454	NA	NA	NA	NA	NA	379	1	8	8.536	28	
HsOth1468	NA	NA	NA	NA	NA	379	1	4	4.52089136490251	17	
HsOth1471	NA	NA	NA	NA	NA	379	1	4	4.75	16	
HsOth1484	NA	NA	NA	NA	NA	379	1	4	5.01666666666667	16	
HsOth1497	NA	NA	NA	NA	NA	379	1	5.5	6.21505376344086	23	
HsOth1511	NA	NA	NA	NA	NA	379	1	4	4.35555555555556	19	
HsOth1579	NA	NA	NA	NA	NA	379	1	3	3.87640449438202	15	
HsOth1614	NA	NA	NA	NA	NA	379	1	8	9.71815718157182	30	
HsOth1637	NA	NA	NA	NA	NA	379	1	6	6.57994579945799	29	
HsOth1667	NA	NA	NA	NA	NA	379	1	8	8.66133333333333	27	
HsOth1681	NA	NA	NA	NA	NA	379	1	6	6.69647696476965	20	
HsOth1700	NA	NA	NA	NA	NA	379	1	4	4.4945652173913	17	
HsOth1751	NA	NA	NA	NA	NA	379	1	5	5.02770083102493	16	
HsOth1794	NA	NA	NA	NA	NA	379	1	4	4.08238636363636	15	
HsOth1855	NA	NA	NA	NA	NA	379	1	1	1	1	Low read count
HsOth1857	NA	NA	NA	NA	NA	379	1	5	5.8695652173913	21	
HsOth1863	NA	NA	NA	NA	NA	379	1	1	1.14285714285714	2	Low read count
HsOth1865	NA	NA	NA	NA	NA	379	1	3	3.6094674556213	16	
