Inversion	Numinds.with.ref	Percentage.Different GType	Percentage.Filter (<5 reads)	Percentage.Filter (0 reads)	Percentage.Same GType	Numinds.geno.break	Reads.Min	Reads.Median	Reads.Mean	Reads.Max	QualityTest
HsInv0004	188	0	18.0851063829787	0.531914893617021	81.3829787234042	414	1	9	9.24514563106796	30	
HsInv0006	188	0.531914893617021	31.9148936170213	1.59574468085106	65.9574468085106	414	1	6	6.5990099009901	29	
HsInv0015	92	0	23.9130434782609	1.08695652173913	75	414	1	7	7.19559902200489	28	
HsInv0016	92	1.08695652173913	14.1304347826087	1.08695652173913	83.695652173913	414	1	7	7.61042183622829	28	
HsInv0041	188	2.12765957446809	50	8.51063829787234	39.3617021276596	414	1	4	4.49104859335038	17	
HsInv0044	NA	NA	NA	NA	NA	414	2	11	11.7433414043584	32	
HsInv0058	188	0.531914893617021	13.8297872340426	0.531914893617021	85.1063829787234	414	1	8	9.15533980582524	32	
HsInv0059	188	1.06382978723404	19.1489361702128	3.19148936170213	76.5957446808511	414	1	7	7.74752475247525	25	
HsInv0060	92	3.26086956521739	30.4347826086957	1.08695652173913	65.2173913043478	414	1	6	6.72262773722628	29	
HsInv0068	188	1.06382978723404	38.8297872340425	2.12765957446809	57.9787234042553	414	1	5	5.51980198019802	34	
HsInv0081	92	0	34.7826086956522	2.17391304347826	63.0434782608696	414	1	6	6.57035175879397	22	
HsInv0091	92	2.17391304347826	2.17391304347826	1.08695652173913	94.5652173913043	414	2	13	15.1331719128329	48	
HsInv0092	188	0	15.9574468085106	0	84.0425531914894	414	1	8	8.65942028985507	31	
HsInv0095	188	1.59574468085106	26.5957446808511	0	71.8085106382979	414	1	7	7.69491525423729	23	
HsInv0097	188	0	12.7659574468085	0.531914893617021	86.7021276595745	414	1	9	9.47941888619855	28	
HsInv0098	188	2.12765957446809	15.4255319148936	0	82.4468085106383	414	1	9	9.5593220338983	30	
HsInv0102	188	0.531914893617021	17.0212765957447	1.59574468085106	80.8510638297872	414	1	8	8.25365853658537	23	
HsInv0105	188	2.12765957446809	23.4042553191489	2.65957446808511	71.8085106382979	414	1	6	7.05418719211823	23	
HsInv0113	96	3.125	39.5833333333333	3.125	54.1666666666667	414	1	5	5.055	18	
HsInv0141	92	0	13.0434782608696	0	86.9565217391304	414	1	8	9.07542579075426	31	
HsInv0154	NA	NA	NA	NA	NA	414	1	7	8.76528117359413	33	
HsInv0156	121	7.43801652892562	24.7933884297521	2.47933884297521	65.2892561983471	414	1	6	6.85294117647059	21	
HsInv0163	121	1.65289256198347	20.6611570247934	1.65289256198347	76.0330578512397	414	1	7	7.94376528117359	29	
HsInv0164	92	2.17391304347826	17.3913043478261	1.08695652173913	79.3478260869565	414	1	8	8.86308068459658	25	
HsInv0170	NA	NA	NA	NA	NA	414	1	5	5.6575	19	
HsInv0171	NA	NA	NA	NA	NA	414	1	5	5.5825	21	
HsInv0174	92	0	17.3913043478261	0	82.6086956521739	414	1	8	8.59512195121951	27	
HsInv0178	NA	NA	NA	NA	NA	414	1	4	4.30848329048843	21	
HsInv0181	92	0	14.1304347826087	85.8695652173913	0	414	1	2	1.85483870967742	5	Low read count
HsInv0182	NA	NA	NA	NA	NA	414	1	6	7.03921568627451	23	
HsInv0186	NA	NA	NA	NA	NA	414	1	4	4.58897243107769	17	
HsInv0191	92	2.17391304347826	16.304347826087	81.5217391304348	0	414	1	2	2.07619047619048	7	Low read count
HsInv0200	NA	NA	NA	NA	NA	414	1	2	2.03139013452915	9	Low read count
HsInv0201	188	3.72340425531915	14.8936170212766	1.59574468085106	79.7872340425532	414	1	8	8.68215158924205	26	
HsInv0211	NA	NA	NA	NA	NA	414	1	4	4.56020942408377	17	
HsInv0212	92	1.08695652173913	9.78260869565217	89.1304347826087	0	414	1	2	2.075	7	Low read count
HsInv0213	NA	NA	NA	NA	NA	414	1	9	10.0338983050847	31	
HsInv0224	NA	NA	NA	NA	NA	414	1	5.5	5.92537313432836	21	
HsInv0260	188	0.531914893617021	46.8085106382979	4.25531914893617	48.4042553191489	414	1	4	4.79448621553885	21	
HsInv0284	188	0.531914893617021	25	1.59574468085106	72.8723404255319	414	1	7	7.40686274509804	22	
HsInv0310	NA	NA	NA	NA	NA	414	1	4	5.13965087281796	25	
HsInv0335	NA	NA	NA	NA	NA	414	1	3	2.86648501362398	10	
HsInv0379	193	0	38.860103626943	3.62694300518135	57.5129533678757	414	1	5	5.71039603960396	22	
HsInv0409	188	0.531914893617021	39.8936170212766	3.72340425531915	55.8510638297872	414	1	5	5.54219948849105	20	
HsInv0442	92	2.17391304347826	16.304347826087	1.08695652173913	80.4347826086957	414	1	8	8.4064039408867	24	
HsInv0463	NA	NA	NA	NA	NA	414	1	4	4.80964467005076	25	
HsInv0553	92	0	0	100	0	414	1	1	1	1	Low read count
HsInv0574	NA	NA	NA	NA	NA	414	1	6	6.40441176470588	25	
HsInv0589	NA	NA	NA	NA	NA	414	1	5	6.29528535980149	27	
HsInv0612	NA	NA	NA	NA	NA	414	1	5	5.10552763819095	18	
HsInv0901	92	9.78260869565217	23.9130434782609	55.4347826086957	10.8695652173913	414	1	3	3.65060240963855	13	
HsInv0960	92	0	6.52173913043478	0	93.4782608695652	414	1	9	10.0484261501211	27	
HsInv0965	120	3.33333333333333	21.6666666666667	2.5	72.5	414	1	7	7.86732186732187	31	
HsInv0968	NA	NA	NA	NA	NA	414	1	2	2.03125	8	Low read count
HsInv0987	NA	NA	NA	NA	NA	414	1	4	4.51336898395722	18	
HsInv0989	92	0	14.1304347826087	1.08695652173913	84.7826086956522	414	1	8	8.09512195121951	26	
HsInv0991	92	1.08695652173913	32.6086956521739	2.17391304347826	64.1304347826087	414	1	6	6.41707317073171	19	
HsInv0997	NA	NA	NA	NA	NA	414	1	6	6.76039119804401	25	
HsInv1004	NA	NA	NA	NA	NA	414	1	6	6.91851851851852	26	
HsInv1013	NA	NA	NA	NA	NA	414	1	4	4.62849872773537	17	
HsInv1053	188	0.531914893617021	14.8936170212766	0.531914893617021	84.0425531914894	414	1	8	8.39320388349515	27	
HsInv1065	92	1.08695652173913	5.43478260869565	0	93.4782608695652	414	1	13	13.9009661835749	41	
HsInv1066	122	0	12.2950819672131	0.819672131147541	86.8852459016393	414	1	9	9.27118644067797	28	
HsInv1070	121	4.13223140495868	31.404958677686	0	64.4628099173554	414	1	6	6.43031784841076	24	
HsInv1075	120	0.833333333333333	31.6666666666667	4.16666666666667	63.3333333333333	414	1	6	6.3283950617284	21	
HsInv1112	NA	NA	NA	NA	NA	414	1	4	4.35294117647059	18	
HsInv1116	188	0.531914893617021	18.6170212765957	1.59574468085106	79.2553191489362	414	1	8	8.90464547677262	30	
HsInv1122	106	58.4905660377358	30.188679245283	0	11.3207547169811	414	1	6	8.97256857855362	43	
HsInv1127	92	0	59.7826086956522	20.6521739130435	19.5652173913043	414	1	2.5	3.45541401273885	13	
HsInv1128	92	0	21.7391304347826	0	78.2608695652174	414	1	7	8.46359223300971	30	
HsInv1129	95	1.05263157894737	45.2631578947368	1.05263157894737	52.6315789473684	414	1	4	4.72634271099744	17	
HsInv1130	NA	NA	NA	NA	NA	414	1	5	5.36410256410256	18	
HsInv1141	NA	NA	NA	NA	NA	414	1	13	14.4406779661017	41	High read count
HsInv1143	92	1.08695652173913	2.17391304347826	96.7391304347826	0	414	1	2	2.73684210526316	7	
HsInv1146	NA	NA	NA	NA	NA	414	1	3	3.42547425474255	13	
HsInv1153	NA	NA	NA	NA	NA	414	1	3	3.55525606469003	12	
HsInv1216	NA	NA	NA	NA	NA	414	1	4	4.3859649122807	14	
HsInv1222	92	1.08695652173913	21.7391304347826	0	77.1739130434783	414	1	7	7.59158415841584	24	
HsInv1225	NA	NA	NA	NA	NA	414	1	4	4.49376558603491	23	
HsInv1240	NA	NA	NA	NA	NA	414	1	4	4.7425	18	
HsInv1256	92	0	6.52173913043478	2.17391304347826	91.304347826087	414	1	9	9.45873786407767	28	
HsInv1258	92	0	11.9565217391304	1.08695652173913	86.9565217391304	414	1	9	9.29126213592233	30	
HsInv1263	92	2.17391304347826	32.6086956521739	5.43478260869565	59.7826086956522	414	1	6	6.58121827411168	26	
HsInv1264	93	0	46.2365591397849	3.2258064516129	50.5376344086022	414	1	5	5.20443349753695	17	
HsInv1269	NA	NA	NA	NA	NA	414	1	5	5.36585365853659	18	
HsInv1275	NA	NA	NA	NA	NA	414	1	5	5.12967581047382	20	
HsInv1306	92	98.9130434782609	1.08695652173913	0	0	414	3	16	17.7826086956522	52	High read count
HsInv1313	NA	NA	NA	NA	NA	414	1	2	2.14035087719298	8	Low read count
HsInv1314	92	0	15.2173913043478	1.08695652173913	83.695652173913	414	1	8	8.42822384428224	25	
HsInv1321	92	3.26086956521739	22.8260869565217	1.08695652173913	72.8260869565217	414	1	6	7.00243902439024	29	
HsInv1329	NA	NA	NA	NA	NA	414	1	4	4.52480417754569	41	
HsInv1348	92	1.08695652173913	7.60869565217391	0	91.304347826087	414	1	9	9.6231884057971	28	
HsInv1358	92	0	25	0	75	414	1	7	7.61800486618005	23	
HsInv1360	96	0	15.625	0	84.375	414	1	8	8.48661800486618	23	
HsInv1376	NA	NA	NA	NA	NA	414	1	5	5.18765432098765	26	
HsInv1402	92	0	11.9565217391304	1.08695652173913	86.9565217391304	414	1	8	8.52078239608802	25	
HsInv1408	NA	NA	NA	NA	NA	414	1	4	4.47300771208226	15	
HsInv1411	NA	NA	NA	NA	NA	414	1	5	4.96019900497512	15	
HsInv1414	NA	NA	NA	NA	NA	414	1	4	4.23076923076923	18	
HsInv1421	92	0	9.78260869565217	0	90.2173913043478	414	1	11	11.7878048780488	51	
HsInv1422	NA	NA	NA	NA	NA	414	1	5	5.66172839506173	24	
HsInv1425	NA	NA	NA	NA	NA	414	1	4.5	5.08208955223881	19	
HsInv1427	92	0	11.9565217391304	1.08695652173913	86.9565217391304	414	1	9	9.99513381995134	31	
HsInv1428	NA	NA	NA	NA	NA	414	1	8	8.64975845410628	27	
HsInv1432	NA	NA	NA	NA	NA	414	1	9	10.0458937198068	33	
HsInv1454	NA	NA	NA	NA	NA	414	1	8	8.82766990291262	29	
HsInv1468	NA	NA	NA	NA	NA	414	1	4	4.59203980099502	18	
HsInv1471	NA	NA	NA	NA	NA	414	1	4	4.865	16	
HsInv1474	92	1.08695652173913	35.8695652173913	1.08695652173913	61.9565217391304	414	1	5	5.33830845771144	18	
HsInv1484	NA	NA	NA	NA	NA	414	1	5	5.09273182957393	16	
HsInv1497	NA	NA	NA	NA	NA	414	1	6	6.41320293398533	28	
HsInv1511	NA	NA	NA	NA	NA	414	1	4	4.49367088607595	19	
HsInv1569	93	1.0752688172043	13.9784946236559	1.0752688172043	83.8709677419355	414	1	8	8.85436893203883	26	
HsInv1579	NA	NA	NA	NA	NA	414	1	4	4	15	
HsInv1590	92	1.08695652173913	15.2173913043478	0	83.695652173913	414	1	8	8.48780487804878	29	
HsInv1614	NA	NA	NA	NA	NA	414	2	8	9.86138613861386	30	
HsInv1637	NA	NA	NA	NA	NA	414	1	6	6.63861386138614	29	
HsInv1667	NA	NA	NA	NA	NA	414	1	8	8.69174757281553	32	
HsInv1681	NA	NA	NA	NA	NA	414	1	5	5.23716381418093	18	
HsInv1700	NA	NA	NA	NA	NA	414	1	4	4.63546798029557	17	
HsInv1751	NA	NA	NA	NA	NA	414	1	5	5.13131313131313	18	
HsInv1785	92	1.08695652173913	23.9130434782609	1.08695652173913	73.9130434782609	414	1	7	7.23114355231144	21	
HsInv1790	96	2.08333333333333	14.5833333333333	0	83.3333333333333	414	1	9	9.22705314009662	28	
HsInv1794	NA	NA	NA	NA	NA	414	1	4	4.08483290488432	15	
HsInv1798	92	29.3478260869565	43.4782608695652	3.26086956521739	23.9130434782609	414	1	5	5.46529562982005	26	
HsInv1819	94	1.06382978723404	26.5957446808511	1.06382978723404	71.2765957446808	414	1	6	7.30731707317073	27	
HsInv1820	92	1.08695652173913	38.0434782608696	1.08695652173913	59.7826086956522	414	1	5	5.21695760598504	17	
HsInv1838	92	3.26086956521739	45.6521739130435	2.17391304347826	48.9130434782609	414	1	5	5.1439205955335	21	
HsInv1848	92	32.6086956521739	15.2173913043478	0	52.1739130434783	414	1	8	9.08958837772397	28	
HsInv1867	92	0	32.6086956521739	2.17391304347826	65.2173913043478	414	1	5	5.67493796526055	22	
HsInv1868	NA	NA	NA	NA	NA	414	1	7	7.22946859903382	23	
HsInv1874	NA	NA	NA	NA	NA	414	1	8	8.76528117359413	32	
HsInv1875	92	0	2.17391304347826	97.8260869565217	0	414	1	1	1.44444444444444	2	Low read count
