Inversion	Numinds.with.ref	Percentage.Different GType	Percentage.Filter (0 reads)	Percentage.Filter (few reads)	Percentage.Same GType	Numinds.geno.break	Reads.Min	Reads.Median	Reads.Mean	Reads.Max	QualityTest
HsInv0004	187	0	0.53475935828877	37.9679144385027	61.4973262032086	414	1	9	9.24514563106796	30	
HsInv0006	188	0	1.59574468085106	40.4255319148936	57.9787234042553	414	1	6	6.5990099009901	29	
HsInv0015	92	0	1.08695652173913	32.6086956521739	66.304347826087	414	1	7	7.19559902200489	28	
HsInv0016	92	1.08695652173913	1.08695652173913	30.4347826086957	67.3913043478261	414	1	7	7.61042183622829	28	
HsInv0041	188	0.531914893617021	8.51063829787234	41.4893617021277	49.468085106383	414	1	4	4.49104859335038	17	
HsInv0044	NA	NA	NA	NA	NA	414	2	11	11.7433414043584	32	
HsInv0058	187	0	0.53475935828877	23.5294117647059	75.9358288770053	414	1	8	9.15533980582524	32	
HsInv0059	188	1.06382978723404	3.19148936170213	28.7234042553192	67.0212765957447	414	1	7	7.74752475247525	25	
HsInv0060	91	2.1978021978022	1.0989010989011	30.7692307692308	65.9340659340659	414	1	6	6.72262773722628	29	
HsInv0068	187	0.53475935828877	2.13903743315508	73.7967914438503	23.5294117647059	414	1	5	5.51980198019802	34	
HsInv0081	92	0	2.17391304347826	42.3913043478261	55.4347826086957	414	1	6	6.57035175879397	22	
HsInv0091	92	2.17391304347826	1.08695652173913	28.2608695652174	68.4782608695652	414	2	13	15.1331719128329	48	
HsInv0092	188	0	0	34.0425531914894	65.9574468085106	414	1	8	8.65942028985507	31	
HsInv0095	188	1.59574468085106	0	34.5744680851064	63.8297872340426	414	1	7	7.69491525423729	23	
HsInv0097	188	0	0.531914893617021	36.7021276595745	62.7659574468085	414	1	9	9.47941888619855	28	
HsInv0098	188	1.59574468085106	0	33.5106382978723	64.8936170212766	414	1	9	9.5593220338983	30	
HsInv0102	188	0.531914893617021	1.59574468085106	30.8510638297872	67.0212765957447	414	1	8	8.25365853658537	23	
HsInv0105	188	1.59574468085106	2.65957446808511	29.2553191489362	66.4893617021277	414	1	6	7.05418719211823	23	
HsInv0113	96	0	3.125	43.75	53.125	414	1	5	5.055	18	
HsInv0141	92	0	0	34.7826086956522	65.2173913043478	414	1	8	9.07542579075426	31	
HsInv0156	110	0	2.72727272727273	39.0909090909091	58.1818181818182	414	1	6	6.85294117647059	21	
HsInv0163	119	0	1.68067226890756	30.2521008403361	68.0672268907563	414	1	7	7.94376528117359	29	
HsInv0164	90	0	1.11111111111111	43.3333333333333	55.5555555555556	414	1	8	8.86308068459658	25	
HsInv0174	92	0	0	20.6521739130435	79.3478260869565	414	1	8	8.59512195121951	27	
HsInv0181	89	0	85.3932584269663	14.6067415730337	0	414	1	2	1.85483870967742	5	Low read count
HsInv0191	92	0	81.5217391304348	18.4782608695652	0	414	1	2	2.07619047619048	7	
HsInv0200	NA	NA	NA	NA	NA	414	1	2	2.03139013452915	9	
HsInv0201	188	2.12765957446809	1.59574468085106	23.4042553191489	72.8723404255319	414	1	8	8.68215158924205	26	
HsInv0212	92	0	89.1304347826087	10.8695652173913	0	414	1	2	2.075	7	
HsInv0213	NA	NA	NA	NA	NA	414	1	9	10.0338983050847	31	
HsInv0260	188	0	4.25531914893617	48.936170212766	46.8085106382979	414	1	4	4.79448621553885	21	
HsInv0284	187	0	1.60427807486631	42.2459893048128	56.1497326203209	414	1	7	7.40686274509804	22	
HsInv0379	193	0	3.62694300518135	55.440414507772	40.9326424870466	414	1	5	5.71039603960396	22	
HsInv0409	188	0.531914893617021	3.72340425531915	48.936170212766	46.8085106382979	414	1	5	5.54219948849105	20	
HsInv0442	92	1.08695652173913	1.08695652173913	30.4347826086957	67.3913043478261	414	1	8	8.4064039408867	24	
HsInv0553	92	0	100	0	0	414	1	1	1	1	Low read count
HsInv0901	91	2.1978021978022	54.9450549450549	36.2637362637363	6.59340659340659	414	1	3	3.65060240963855	13	
HsInv0960	92	0	0	36.9565217391304	63.0434782608696	414	1	9	10.0484261501211	27	
HsInv0965	113	0	1.76991150442478	37.1681415929204	61.0619469026549	414	1	7	7.86732186732187	31	
HsInv0989	92	0	1.08695652173913	33.695652173913	65.2173913043478	414	1	8	8.09512195121951	26	
HsInv0991	92	0	2.17391304347826	40.2173913043478	57.6086956521739	414	1	6	6.41707317073171	19	
HsInv1053	188	0	0.531914893617021	21.2765957446809	78.1914893617021	414	1	8	8.39320388349515	27	
HsInv1065	92	1.08695652173913	0	38.0434782608696	60.8695652173913	414	1	13	13.9009661835749	41	
HsInv1066	122	0	0.819672131147541	38.5245901639344	60.655737704918	414	1	9	9.27118644067797	28	
HsInv1070	121	5.78512396694215	0	47.9338842975207	46.2809917355372	414	1	6	6.43031784841076	24	
HsInv1075	119	0.840336134453782	3.36134453781513	38.655462184874	57.1428571428571	414	1	6	6.3283950617284	21	
HsInv1116	188	0.531914893617021	1.59574468085106	34.0425531914894	63.8297872340426	414	1	8	8.90464547677262	30	
HsInv1122	105	12.3809523809524	35.2380952380952	37.1428571428571	15.2380952380952	414	1	5	6.05140186915888	26	
HsInv1127	92	0	20.6521739130435	63.0434782608696	16.304347826087	414	1	2.5	3.45541401273885	13	
HsInv1128	92	0	0	50	50	414	1	7	8.46359223300971	30	
HsInv1129	94	0	1.06382978723404	63.8297872340426	35.1063829787234	414	1	4	4.72634271099744	17	
HsInv1143	92	1.08695652173913	96.7391304347826	2.17391304347826	0	414	1	2	2.73684210526316	7	
HsInv1222	91	0	0	30.7692307692308	69.2307692307692	414	1	7	7.59158415841584	24	
HsInv1256	92	0	2.17391304347826	30.4347826086957	67.3913043478261	414	1	9	9.45873786407767	28	
HsInv1258	92	0	1.08695652173913	38.0434782608696	60.8695652173913	414	1	9	9.29126213592233	30	
HsInv1263	92	1.08695652173913	5.43478260869565	41.304347826087	52.1739130434783	414	1	6	6.58121827411168	26	
HsInv1264	93	1.0752688172043	3.2258064516129	46.2365591397849	49.4623655913978	414	1	5	5.20443349753695	17	
HsInv1306	92	1.08695652173913	0	39.1304347826087	59.7826086956522	414	1	9	8.82082324455206	29	
HsInv1314	92	0	1.08695652173913	32.6086956521739	66.304347826087	414	1	8	8.42822384428224	25	
HsInv1321	90	2.22222222222222	1.11111111111111	33.3333333333333	63.3333333333333	414	1	6	7.00243902439024	29	
HsInv1348	91	0	0	30.7692307692308	69.2307692307692	414	1	9	9.6231884057971	28	
HsInv1358	92	0	0	43.4782608695652	56.5217391304348	414	1	7	7.61800486618005	23	
HsInv1360	96	0	0	40.625	59.375	414	1	8	8.48661800486618	23	
HsInv1402	92	0	1.08695652173913	36.9565217391304	61.9565217391304	414	1	8	8.52078239608802	25	
HsInv1421	92	0	0	55.4347826086957	44.5652173913043	414	1	11	11.7878048780488	51	
HsInv1427	92	0	1.08695652173913	38.0434782608696	60.8695652173913	414	1	9	9.99513381995134	31	
HsInv1474	91	0	1.0989010989011	48.3516483516484	50.5494505494505	414	1	5	5.33830845771144	18	
HsInv1569	92	0	1.08695652173913	35.8695652173913	63.0434782608696	414	1	8	8.85436893203883	26	
HsInv1590	92	1.08695652173913	0	35.8695652173913	63.0434782608696	414	1	8	8.48780487804878	29	
HsInv1785	91	0	1.0989010989011	41.7582417582418	57.1428571428571	414	1	7	7.23114355231144	21	
HsInv1790	93	0	0	41.9354838709677	58.0645161290323	414	1	9	9.22705314009662	28	
HsInv1798	91	38.4615384615385	3.2967032967033	23.0769230769231	35.1648351648352	414	1	5	5.46529562982005	26	
HsInv1819	93	0	1.0752688172043	44.0860215053763	54.8387096774194	414	1	6	7.30731707317073	27	
HsInv1820	92	1.08695652173913	1.08695652173913	48.9130434782609	48.9130434782609	414	1	5	5.21695760598504	17	
HsInv1838	92	3.26086956521739	2.17391304347826	50	44.5652173913043	414	1	5	5.1439205955335	21	
HsInv1848	92	38.0434782608696	0	27.1739130434783	34.7826086956522	414	1	8	9.08958837772397	28	
HsInv1867	92	0	2.17391304347826	33.695652173913	64.1304347826087	414	1	5	5.67493796526055	22	
HsInv1868	NA	NA	NA	NA	NA	414	1	7	7.22946859903382	23	
HsInv1874	NA	NA	NA	NA	NA	414	1	2	2.60670731707317	10	
HsInv1875	91	0	97.8021978021978	2.1978021978022	0	414	1	1	1.44444444444444	2	Low read count
HsOtb1874	NA	NA	NA	NA	NA	414	1	2	2.22519083969466	9	
HsOth0154	NA	NA	NA	NA	NA	414	1	7	8.76528117359413	33	
HsOth0170	NA	NA	NA	NA	NA	414	1	5	5.6575	19	
HsOth0171	NA	NA	NA	NA	NA	414	1	5	5.5825	21	
HsOth0178	NA	NA	NA	NA	NA	414	1	4	4.30848329048843	21	
HsOth0182	NA	NA	NA	NA	NA	414	1	6	7.03921568627451	23	
HsOth0186	NA	NA	NA	NA	NA	414	1	4	4.58897243107769	17	
HsOth0211	NA	NA	NA	NA	NA	414	1	4	4.56020942408377	17	
HsOth0224	NA	NA	NA	NA	NA	414	1	5.5	5.92537313432836	21	
HsOth0310	NA	NA	NA	NA	NA	414	1	4	5.13965087281796	25	
HsOth0335	NA	NA	NA	NA	NA	414	1	3	2.86648501362398	10	
HsOth0463	NA	NA	NA	NA	NA	414	1	4	4.80964467005076	25	
HsOth0574	NA	NA	NA	NA	NA	414	1	6	6.40441176470588	25	
HsOth0589	NA	NA	NA	NA	NA	414	1	5	6.29528535980149	27	
HsOth0612	NA	NA	NA	NA	NA	414	1	5	5.10552763819095	18	
HsOth0968	NA	NA	NA	NA	NA	414	1	2	2.03125	8	Low read count
HsOth0987	NA	NA	NA	NA	NA	414	1	4	4.51336898395722	18	
HsOth0997	NA	NA	NA	NA	NA	414	1	6	6.76039119804401	25	
HsOth1004	NA	NA	NA	NA	NA	414	1	6	6.91851851851852	26	
HsOth1013	NA	NA	NA	NA	NA	414	1	4	4.62849872773537	17	
HsOth1112	NA	NA	NA	NA	NA	414	1	4	4.35294117647059	18	
HsOth1122	NA	NA	NA	NA	NA	414	1	5	5.7719298245614	21	
HsOth1130	NA	NA	NA	NA	NA	414	1	5	5.36410256410256	18	
HsOth1146	NA	NA	NA	NA	NA	414	1	3	3.42547425474255	13	
HsOth1153	NA	NA	NA	NA	NA	414	1	3	3.55525606469003	12	
HsOth1216	NA	NA	NA	NA	NA	414	1	4	4.3859649122807	14	
HsOth1225	NA	NA	NA	NA	NA	414	1	4	4.49376558603491	23	
HsOth1240	NA	NA	NA	NA	NA	414	1	4	4.7425	18	
HsOth1269	NA	NA	NA	NA	NA	414	1	5	5.36585365853659	18	
HsOth1275	NA	NA	NA	NA	NA	414	1	5	5.12967581047382	20	
HsOth1306	NA	NA	NA	NA	NA	414	1	8	8.98309178743961	28	
HsOth1313	NA	NA	NA	NA	NA	414	1	2	2.14035087719298	8	
HsOth1329	NA	NA	NA	NA	NA	414	1	4	4.52480417754569	41	
HsOth1376	NA	NA	NA	NA	NA	414	1	5	5.18765432098765	26	
HsOth1408	NA	NA	NA	NA	NA	414	1	4	4.47300771208226	15	
HsOth1411	NA	NA	NA	NA	NA	414	1	5	4.96019900497512	15	
HsOth1414	NA	NA	NA	NA	NA	414	1	4	4.23076923076923	18	
HsOth1422	NA	NA	NA	NA	NA	414	1	5	5.66172839506173	24	
HsOth1425	NA	NA	NA	NA	NA	414	1	4.5	5.08208955223881	19	
HsOth1428	NA	NA	NA	NA	NA	414	1	8	8.64975845410628	27	
HsOth1432	NA	NA	NA	NA	NA	414	1	9	10.0458937198068	33	
HsOth1454	NA	NA	NA	NA	NA	414	1	8	8.82766990291262	29	
HsOth1468	NA	NA	NA	NA	NA	414	1	4	4.59203980099502	18	
HsOth1471	NA	NA	NA	NA	NA	414	1	4	4.865	16	
HsOth1484	NA	NA	NA	NA	NA	414	1	5	5.09273182957393	16	
HsOth1497	NA	NA	NA	NA	NA	414	1	6	6.41320293398533	28	
HsOth1511	NA	NA	NA	NA	NA	414	1	4	4.49367088607595	19	
HsOth1579	NA	NA	NA	NA	NA	414	1	4	4	15	
HsOth1614	NA	NA	NA	NA	NA	414	2	8	9.86138613861386	30	
HsOth1637	NA	NA	NA	NA	NA	414	1	6	6.63861386138614	29	
HsOth1667	NA	NA	NA	NA	NA	414	1	8	8.69174757281553	32	
HsOth1681	NA	NA	NA	NA	NA	414	1	5	5.23716381418093	18	
HsOth1700	NA	NA	NA	NA	NA	414	1	4	4.63546798029557	17	
HsOth1751	NA	NA	NA	NA	NA	414	1	5	5.13131313131313	18	
HsOth1794	NA	NA	NA	NA	NA	414	1	4	4.08483290488432	15	
