probe	count.ini	count.fil	count.xun	count.uni	count.qc	diagnosis
ANCHsOta1874BP1AK1	438	168	0	168	168	
ANCHsOta1874BP2AK1	332	115	0	115	115	
ANCHsOtb1874BP3CHM13	200	92	0	92	92	
DELHsOtb1141BP0HG04217	200	48	0	48	48	
DELHsOth1122BP0CHM1	1737	994	0	994	994	
DELHsOth1306BP0HG02818	138	16	0	16	16	
INSHsOta1141BP1HG04217	3239	59	5	54	54	errorMatches
INSHsOta1141BP2HG04217	3054	61	8	53	53	errorMatches
INSHsOta1874BP1CHM13	5106	1212	0	1212	1212	
INSHsOta1874BP2CHM13	6345	1237	2	1235	1235	errorMatches
INSHsOth0154BP1AK1	6693	1364	7	1357	1357	errorMatches
INSHsOth0154BP2AK1	6185	1232	3	1229	1229	errorMatches
INSHsOth0170BP1bNA19129	87	56	0	56	525	
INSHsOth0170BP1aNA12156	835	469	0	469	525	
INSHsOth0170BP2NA12156	3553	546	0	546	546	
INSHsOth0171BP1NA12878	3648	339	0	339	339	
INSHsOth0171BP2NA12878	3655	388	0	388	388	
INSHsOth0178BP1UNKN	1467	166	0	166	166	
INSHsOth0178BP2UNKN	2806	151	1	150	150	errorMatches
INSHsOth0182BP1NA12878	5166	982	0	982	982	
INSHsOth0182BP2NA12878	5839	1068	1	1067	1067	errorMatches
INSHsOth0186BP1NA19434	1906	70	0	70	70	
INSHsOth0186BP2NA19434	2042	68	0	68	68	
INSHsOth0211BP1HX1	787	446	0	446	446	
INSHsOth0211BP2HX1	2142	425	0	425	425	
INSHsOth0224BP1CHM13	4049	494	0	494	494	
INSHsOth0224BP2CHM13	3626	381	2	379	379	errorMatches
INSHsOth0310BP1CHM13	2424	231	0	231	231	
INSHsOth0310BP2CHM13	2635	239	1	238	238	errorMatches
INSHsOth0335BP1NA18555	7	1	0	1	1	
INSHsOth0335BP2NA18555	2422	242	233	9	9	errorMatches
INSHsOth0463BP1YH	4294	573	6	567	567	errorMatches
INSHsOth0463BP2YH	3656	552	149	403	403	errorMatches
INSHsOth0574BP1CHM13	4210	692	4	688	688	errorMatches
INSHsOth0574BP2CHM13	4933	1183	617	566	566	errorMatches
INSHsOth0589BP1Han1	4820	669	0	669	669	
INSHsOth0589BP2Han1	4580	594	1	593	593	errorMatches
INSHsOth0612BP1AK1	3645	210	1	209	209	errorMatches
INSHsOth0612BP2AK1	2923	172	0	172	172	
INSHsOth0968BP1NA18555	173	104	0	104	104	
INSHsOth0968BP2NA18555	149	91	0	91	91	
INSHsOth0987BP1NA12878	786	459	71	388	388	errorMatches
INSHsOth0987BP2NA12878	1344	541	1	540	540	errorMatches
INSHsOth0997BP1CHM1	5077	805	1	804	804	errorMatches
INSHsOth0997BP2CHM1	13358	800	0	800	800	
INSHsOth1004BP1NA12878	5454	890	10	880	880	errorMatches
INSHsOth1004BP2NA12878	7838	822	6	816	816	errorMatches
INSHsOth1013BP1NA12878	2424	114	2	112	112	errorMatches
INSHsOth1013BP2NA12878	3898	107	0	107	107	
INSHsOth1112BP1NA12156	1993	281	2	279	279	errorMatches
INSHsOth1112BP2NA12156	2067	297	6	291	291	errorMatches
INSHsOth1130BP1AKv2	4654	529	2	527	527	errorMatches
INSHsOth1130BP2AKv2	4327	667	0	667	667	
INSHsOth1146BP1NA19440	67	51	4	47	47	errorMatches
INSHsOth1146BP2NA19440	35	16	0	16	16	
INSHsOth1146BP3NA19440	95	51	10	41	41	errorMatches
INSHsOth1153BP1NA19434	2709	42	0	42	42	
INSHsOth1153BP2NA19434	2015	47	0	47	47	
INSHsOth1216BP1HG02818	333	25	2	23	23	errorMatches
INSHsOth1216BP2HG02818	139	18	0	18	18	
INSHsOth1225BP1NA18552	2806	157	1	156	156	errorMatches
INSHsOth1225BP2NA18552	2340	157	0	157	157	
INSHsOth1240BP1CHM13	2124	32	0	32	32	
INSHsOth1240BP2CHM13	2052	32	0	32	32	
INSHsOth1269BP1NA19921	2125	88	9	79	79	errorMatches
INSHsOth1269BP2NA19921	2203	75	6	69	69	errorMatches
INSHsOth1275BP1KOREF	1754	75	0	75	75	
INSHsOth1275BP2KOREF	2879	92	0	92	92	
INSHsOth1313BP1CHM13	100	64	0	64	64	
INSHsOth1313BP2CHM13	92	58	0	58	58	
INSHsOth1329BP1HG02818	2201	21	0	21	21	
INSHsOth1329BP2HG02818	1700	17	1	16	16	errorMatches
INSHsOth1376BP1NA19129	3719	50	0	50	50	
INSHsOth1376BP2NA19129	3858	48	0	48	48	
INSHsOth1408BP1HG03486	2397	69	0	69	69	
INSHsOth1408BP2HG03486	2161	36	0	36	36	
INSHsOth1411BP1CHM13	4933	431	14	417	417	errorMatches
INSHsOth1411BP2CHM13	5687	1308	950	358	358	errorMatches
INSHsOth1414BP1CHM1	2800	101	0	101	101	
INSHsOth1414BP2CHM1	2824	88	0	88	88	
INSHsOth1422BP1CHM1	4683	770	0	770	770	
INSHsOth1422BP2CHM1	3755	589	0	589	589	
INSHsOth1425BP1UNKN	2338	12	1	11	11	errorMatches
INSHsOth1425BP2UNKN	2564	12	0	12	12	
INSHsOth1428BP1NA19434	3247	308	0	308	308	
INSHsOth1428BP2NA19434	6537	325	5	320	320	errorMatches
INSHsOth1432BP1NA19068	2504	51	1	50	50	errorMatches
INSHsOth1432BP2NA19068	2380	62	0	62	62	
INSHsOth1454BP1AK1	3683	431	0	431	431	
INSHsOth1454BP2AK1	4371	480	2	478	478	errorMatches
INSHsOth1468BP1HG02818	2882	9	0	9	9	
INSHsOth1468BP2HG02818	3096	5	0	5	5	
INSHsOth1471BP1HG02623	1494	30	0	30	30	
INSHsOth1471BP2HG02623	1613	27	0	27	27	
INSHsOth1484BP1CHM1	1653	100	0	100	100	
INSHsOth1484BP2CHM1	2792	104	0	104	104	
INSHsOth1497BP1HG00250	2399	114	0	114	114	
INSHsOth1497BP2HG00250	2108	153	0	153	153	
INSHsOth1511BP1CMT001	2390	144	0	144	144	
INSHsOth1511BP2CMT001	2630	140	8	132	132	errorMatches
INSHsOth1579BP1CMT001	1976	56	0	56	56	
INSHsOth1579BP2CMT001	2148	71	6	65	65	errorMatches
INSHsOth1614BP1HG02623	4475	120	22	98	98	errorMatches
INSHsOth1614BP2HG02623	4078	117	0	117	117	
INSHsOth1637BP1HG03486	2261	23	2	21	21	errorMatches
INSHsOth1637BP2HG03486	2065	26	0	26	26	
INSHsOth1667BP1AK1	5203	422	1	421	421	errorMatches
INSHsOth1667BP2AK1	3694	425	0	425	425	
INSHsOth1681BP1NA19440	1492	39	0	39	39	
INSHsOth1681BP2NA19440	1518	36	0	36	36	
INSHsOth1700BP1Reads	2336	25	0	25	25	
INSHsOth1700BP2Reads	2787	35	5	30	30	errorMatches
INSHsOth1751BP1HG00268	2434	101	0	101	101	
INSHsOth1751BP2HG00268	2522	94	2	92	92	errorMatches
INSHsOth1794BP1NA19434	1724	28	0	28	28	
INSHsOth1794BP2NA19434	1792	0	0	0	0	emptyAlt,allFiltered
INVHsInv0004BP1HuRef	401	229	0	229	229	
INVHsInv0004BP2HuRef	373	221	0	221	221	
INVHsInv0006BP1HuRef	976	549	8	541	541	errorMatches
INVHsInv0006BP2HuRef	475	475	107	368	368	errorMatches
INVHsInv0015BP1HuRef	4146	1175	4	1171	1171	errorMatches
INVHsInv0015BP2HuRef	3763	1195	1	1194	1194	errorMatches
INVHsInv0016BP1HuRef	30706	1544	0	1544	1544	
INVHsInv0016BP2HuRef	4145	1214	0	1214	1214	
INVHsInv0041BP1HuRef	1962	422	0	422	422	
INVHsInv0041BP2HuRef	3290	485	0	485	485	
INVHsInv0044BP1HuRef	3852	2605	1	2604	2604	errorMatches
INVHsInv0044BP2HuRef	4061	2246	0	2246	2246	
INVHsInv0058BP1HuRef	2773	1019	2	1017	1017	errorMatches
INVHsInv0058BP2HuRef	3537	1207	0	1207	1207	
INVHsInv0059BP1HuRef	1255	959	18	941	941	errorMatches
INVHsInv0059BP2HuRef	2738	1034	3	1031	1031	errorMatches
INVHsInv0060BP1HuRef	1953	856	0	856	856	
INVHsInv0060BP2HuRef	822	477	0	477	477	
INVHsInv0068BP1HuRef	12	4	0	4	4	
INVHsInv0068BP2HuRef	29	15	0	15	15	
INVHsInv0068BP3NA19240_versionalternativa	1369	912	0	912	912	
INVHsInv0068BP4NA19240_versionalternativa	1319	913	0	913	913	
INVHsInv0081BP1HuRef	2136	501	0	501	501	
INVHsInv0081BP2HuRef	2411	574	0	574	574	
INVHsInv0091BP2HuRef	3336	1254	4	1250	1250	errorMatches
INVHsInv0091BP3HuRef	3024	1009	0	1009	1009	
INVHsInv0092BP1NA19240	620	253	0	253	253	
INVHsInv0092BP2NA19240	385	247	0	247	247	
INVHsInv0095BP1NA19129	1583	587	13	574	574	errorMatches
INVHsInv0095BP2NA19240	2862	1648	1	1647	1647	errorMatches
INVHsInv0097BP1NA15510	316	4	0	4	4	
INVHsInv0097BP2NA15510	2654	4	0	4	4	
INVHsInv0098BP1NA19240	583	273	0	273	273	
INVHsInv0098BP2NA19240	4305	1233	1177	56	56	errorMatches
INVHsInv0102BP1NA12156	3092	269	0	269	269	
INVHsInv0102BP2NA12156	477	284	0	284	284	
INVHsInv0105BP1NA18507	1324	797	0	797	797	
INVHsInv0105BP2NA18507	1615	1024	0	1024	1024	
INVHsInv0113BP1NA06985	2109	101	0	101	101	
INVHsInv0113BP2NA06985	3330	99	4	95	95	errorMatches
INVHsInv0141BP1NA12156	5269	100	2	98	98	errorMatches
INVHsInv0141BP2NA12156	4795	87	2	85	85	errorMatches
INVHsInv0156BP1NA12878	589	233	0	233	233	
INVHsInv0156BP2NA12878	2661	285	0	285	285	
INVHsInv0163BP1NA11995	391	210	0	210	210	
INVHsInv0163BP2NA11995	620	239	0	239	239	
INVHsInv0164BP1HG03838	2122	83	0	83	83	
INVHsInv0164BP2HG03838	2030	92	1	91	91	errorMatches
INVHsInv0174BP1CHM1	3594	1760	4	1756	1756	errorMatches
INVHsInv0174BP2CHM1	1759	647	1	646	646	errorMatches
INVHsInv0181BP1CHM1	112	0	0	0	0	emptyAlt,allFiltered
INVHsInv0181BP2CHM1	530	101	98	3	3	errorMatches
INVHsInv0191BP1CHM1	177	103	0	103	103	
INVHsInv0191BP2CHM1	163	115	0	115	115	
INVHsInv0200BP1NA12878	2350	58	22	36	36	errorMatches
INVHsInv0201BP1Celera	4032	1006	0	1006	1006	
INVHsInv0201BP2Celera	3481	870	0	870	870	
INVHsInv0212BP1HX1	58	34	0	34	34	
INVHsInv0212BP2HX1	76	49	0	49	49	
INVHsInv0213BP1NA19440	1309	46	0	46	46	
INVHsInv0213BP2NA19440	144	41	0	41	41	
INVHsInv0260BP1NA18517	3204	328	0	328	328	
INVHsInv0284BP1NA19129	71	37	0	37	37	
INVHsInv0284BP2NA19129	186	39	0	39	39	
INVHsInv0379BP1Inv	153	19	0	19	19	
INVHsInv0379BP2Inv	224	22	0	22	22	
INVHsInv0409BP1NA12878	1641	515	1	514	514	errorMatches
INVHsInv0409BP2NA12878	1053	364	1	363	363	errorMatches
INVHsInv0442BP1AK1	3257	861	1	860	860	errorMatches
INVHsInv0442BP2AK1	3396	866	0	866	866	
INVHsInv0553BP1NA12878	69	1	0	1	1	
INVHsInv0901BP0CHM1_versionalternativa	4260	595	0	595	595	
INVHsInv0901BP1CHM1	639	1	0	1	1	
INVHsInv0901BP2CHM1	2246	1	0	1	1	
INVHsInv0960BP1NA18552	394	126	0	126	126	
INVHsInv0960BP2NA18552	2634	122	0	122	122	
INVHsInv0965BP1NA19129	2975	217	1	216	216	errorMatches
INVHsInv0965BP2NA19129	400	202	0	202	202	
INVHsInv0989BP1CHM1	655	60	0	60	60	
INVHsInv0989BP2CHM1	267	22	0	22	22	
INVHsInv0991BP1CHM1	2923	1382	1	1381	1381	errorMatches
INVHsInv0991BP2CHM1	1178	715	0	715	715	
INVHsInv1053BP1HuRef	3573	929	9	920	920	errorMatches
INVHsInv1053BP2HuRef	2211	1213	2	1211	1211	errorMatches
INVHsInv1065BP1NA18956	4651	243	0	243	243	
INVHsInv1065BP2NA18956	1672	354	0	354	354	
INVHsInv1065BP3NA18956	4492	235	0	235	235	
INVHsInv1065BP4NA18956	6488	363	3	360	360	errorMatches
INVHsInv1066BP1HG00268	1048	36	0	36	36	
INVHsInv1066BP2HG00268	534	36	0	36	36	
INVHsInv1070BP1NA11829	2744	64	33	31	31	errorMatches
INVHsInv1070BP2NA11829	1423	51	17	34	34	errorMatches
INVHsInv1075BP1NA19129	4205	286	28	258	258	errorMatches
INVHsInv1075BP2NA19129	1590	194	11	183	183	errorMatches
INVHsInv1116BP1HuRef	4575	1771	2	1769	1769	errorMatches
INVHsInv1116BP2HuRef	2297	1459	0	1459	1459	
INVHsInv1122BP1HuRef	1263	247	0	247	247	
INVHsInv1122BP2HuRef	571	228	0	228	228	
INVHsInv1127BP1NA19434	1247	53	0	53	53	
INVHsInv1127BP2NA19434	736	43	0	43	43	
INVHsInv1128BP1HG00733	1777	16	0	16	16	
INVHsInv1128BP2HG00733	2043	14	0	14	14	
INVHsInv1129BP1HG03115	2616	44	0	44	44	
INVHsInv1129BP2HG03115	397	32	0	32	32	
INVHsInv1143BP1NA19240	43	23	0	23	23	
INVHsInv1143BP2NA19240	55	29	0	29	29	
INVHsInv1222BP1NA19129	250	130	0	130	130	
INVHsInv1222BP2NA19129	3354	93	1	92	92	errorMatches
INVHsInv1256BP1NA12878	2187	116	0	116	116	
INVHsInv1256BP2NA12878	1879	113	0	113	113	
INVHsInv1258BP1NA19240	2407	244	0	244	244	
INVHsInv1258BP2NA19240	3068	250	0	250	250	
INVHsInv1263BP1HG02059	5972	66	0	66	66	
INVHsInv1263BP2HG02059	2262	135	0	135	135	
INVHsInv1264BP1CMT001	96	58	0	58	58	
INVHsInv1264BP2CMT001	5744	2044	2038	6	6	errorMatches
INVHsInv1306BP1HG02818	108	20	0	20	20	
INVHsInv1306BP2HG02818	57	30	0	30	30	
INVHsInv1314BP1NA19434	240	31	0	31	31	
INVHsInv1314BP2NA19434	3036	265	224	41	41	errorMatches
INVHsInv1321BP1AK1	1186	717	0	717	717	
INVHsInv1321BP2AK1	4473	503	486	17	17	errorMatches
INVHsInv1348BP1NA12878	3216	219	2	217	217	errorMatches
INVHsInv1348BP2NA12878	605	214	0	214	214	
INVHsInv1358BP1NA19129	2463	150	1	149	149	errorMatches
INVHsInv1358BP2NA19129	374	157	0	157	157	
INVHsInv1360BP1HG02818	2017	32	0	32	32	
INVHsInv1360BP2HG02818	2541	33	0	33	33	
INVHsInv1402BP1NA12156	2908	72	0	72	72	
INVHsInv1402BP2NA12156	289	71	0	71	71	
INVHsInv1421BP1NA12004	2325	26	1	25	25	errorMatches
INVHsInv1421BP2NA12004	906	31	0	31	31	
INVHsInv1427BP1HG02059	2938	173	2	171	171	errorMatches
INVHsInv1427BP2HG02059	978	166	0	166	166	
INVHsInv1474BP1HG02623	2549	138	0	138	138	
INVHsInv1474BP2HG02623	1689	108	0	108	108	
INVHsInv1569BP1CHM1	2059	21	0	21	21	
INVHsInv1569BP2CHM1	2306	27	0	27	27	
INVHsInv1590BP1NA19240	27581	92	0	92	92	
INVHsInv1590BP2NA19240	2101	101	0	101	101	
INVHsInv1785BP1CHM1	224	139	0	139	139	
INVHsInv1785BP2CHM1	411	151	0	151	151	
INVHsInv1790BP1HG03115	1339	16	0	16	16	
INVHsInv1790BP2HG03115	812	18	0	18	18	
INVHsInv1798BP1NA24149	3561	1321	397	924	924	errorMatches
INVHsInv1798BP2NA24149	3374	166	40	126	126	errorMatches
INVHsInv1819BP1HX1	29	15	0	15	15	
INVHsInv1819BP2HX1	1115	13	0	13	13	
INVHsInv1820BP1HG03115	1358	36	1	35	35	errorMatches
INVHsInv1820BP2HG03115	2866	34	0	34	34	
INVHsInv1838BP1YH	3240	86	84	2	2	errorMatches
INVHsInv1838BP2YH	1882	204	7	197	197	errorMatches
INVHsInv1848BP1NA19129	659	84	1	83	83	errorMatches
INVHsInv1848BP2NA19129	2814	519	146	373	373	errorMatches
INVHsInv1867BP1NA12878	3602	321	92	229	229	errorMatches
INVHsInv1867BP2NA12878	1229	533	0	533	533	
INVHsInv1874BP1CHM13	2367	861	6	855	855	errorMatches
INVHsInv1875BP1CHM13	23	6	0	6	6	
INVHsInv1875BP2CHM13	25	7	0	7	7	
REFHsOta1141BP0HG38	4791	1718	1718	0	1718	
REFHsOtb1141BP3HG38	5802	2000	1997	3	1997	errorMatches
REFHsOtb1141BP4HG38	5841	2094	2094	0	2094	
REFHsOtb1874BP3HG38	804	491	491	0	491	
REFHsOth0154BP0HG38	1747	999	999	0	999	
REFHsOth0170BP0HG38	2005	1192	1192	0	1192	
REFHsOth0171BP0HG38	2424	1506	1506	0	1506	
REFHsOth0178BP0HG38	3010	1360	1360	0	1360	
REFHsOth0182BP0HG38	1388	826	823	3	823	errorMatches
REFHsOth0186BP0HG38	2906	1694	1693	1	1693	errorMatches
REFHsOth0211BP0HG38	3036	1478	1471	7	0	emptyRef,errorMatches
REFHsOth0224BP0HG38	2737	1509	1509	0	1509	
REFHsOth0310BP0HG38	2895	1594	1592	2	1592	errorMatches
REFHsOth0335BP0HG38	1823	1151	1048	103	1042	errorMatches
REFHsOth0463BP0HG38	2092	931	925	6	925	errorMatches
REFHsOth0574BP0HG38	2381	1373	1359	14	1359	errorMatches
REFHsOth0589BP0HG38	2147	1376	1280	96	1275	errorMatches
REFHsOth0612BP0HG38	2916	1651	1651	0	1651	
REFHsOth0968BP0HG38	5	4	4	0	0	emptyRef
REFHsOth0987BP0HG38	2199	768	760	8	760	errorMatches
REFHsOth0997BP0HG38	2230	1209	1163	46	1161	errorMatches
REFHsOth1004BP0HG38	4393	1106	1106	0	1106	
REFHsOth1013BP0HG38	5041	1600	1600	0	1600	
REFHsOth1112BP0HG38	1972	1149	1132	17	1132	errorMatches
REFHsOth1122BP1HG18	2039	805	805	0	805	
REFHsOth1122BP2HG18	1473	504	504	0	504	
REFHsOth1130BP0HG38	1620	898	898	0	898	
REFHsOth1146BP0HG38	1579	1160	1160	0	1160	
REFHsOth1153BP0HG38	2054	1231	1230	1	1230	errorMatches
REFHsOth1216BP0HG38	4023	1709	1709	0	1709	
REFHsOth1225BP0HG38	2593	1489	1489	0	1489	
REFHsOth1240BP0HG38	3135	1836	1833	3	1833	errorMatches
REFHsOth1269BP0HG38	3365	2052	2052	0	2052	
REFHsOth1275BP0HG38	2769	1890	1890	0	1890	
REFHsOth1306BP1HG38	5216	1923	1923	0	1923	
REFHsOth1306BP2HG38	4705	1781	1780	1	1780	errorMatches
REFHsOth1313BP0HG38	4	2	2	0	0	emptyRef
REFHsOth1329BP0HG38	3973	1697	1696	1	1696	errorMatches
REFHsOth1376BP0HG38	6860	2053	2003	50	2003	errorMatches
REFHsOth1408BP0HG38	2996	1636	1635	1	1635	errorMatches
REFHsOth1411BP0HG38	2349	1237	1219	18	1219	errorMatches
REFHsOth1414BP0HG38	2433	1517	1407	110	1406	errorMatches
REFHsOth1422BP0HG38	1708	934	934	0	934	
REFHsOth1425BP0HG38	3530	2020	2020	0	2020	
REFHsOth1428BP1HG38	4096	1401	1372	29	1371	errorMatches
REFHsOth1428BP2HG38	5937	1582	1582	0	1582	
REFHsOth1432BP1HG38	5773	2084	2081	3	2081	errorMatches
REFHsOth1432BP2HG38	5539	1966	1966	0	1966	
REFHsOth1454BP1HG38	3979	1461	1311	150	1267	errorMatches
REFHsOth1454BP2HG38	3764	1477	1461	16	1461	errorMatches
REFHsOth1468BP0HG38	4081	1833	1832	1	1832	errorMatches
REFHsOth1471BP0HG38	3688	1890	1889	1	1889	errorMatches
REFHsOth1484BP0HG38	3053	1828	1828	0	1828	
REFHsOth1497BP0HG38	4737	2357	2356	1	2356	errorMatches
REFHsOth1511BP0HG38	2515	1501	1501	0	1499	
REFHsOth1579BP0HG38	2341	1466	1459	7	1459	errorMatches
REFHsOth1614BP0HG38	8131	3769	3769	0	3769	
REFHsOth1637BP1HG38	3488	1302	1242	60	1188	errorMatches
REFHsOth1637BP2HG38	4223	1447	1447	0	1447	
REFHsOth1667BP1HG38	3043	1330	1329	1	1329	errorMatches
REFHsOth1667BP2HG38	4071	1406	1406	0	1406	
REFHsOth1681BP1HG38	5410	1847	453	1394	453	errorMatches
REFHsOth1681BP2HG38	4743	1682	1614	68	1614	errorMatches
REFHsOth1700BP0HG38	2957	1828	1827	1	1827	errorMatches
REFHsOth1751BP0HG38	2857	1839	1839	0	1839	
REFHsOth1794BP0HG38	5498	1561	1561	0	1561	
STDHsInv0004BP1HG18	2662	1723	1723	0	1723	
STDHsInv0004BP2HG18	2625	1637	1636	1	1636	errorMatches
STDHsInv0006BP1HG18	1992	973	973	0	973	
STDHsInv0006BP2HG18	1724	784	784	0	784	
STDHsInv0015BP2HG18	963	579	578	1	578	errorMatches
STDHsInv0016BP1HG18	507	154	154	0	154	
STDHsInv0016BP2HG18	503	158	155	3	155	errorMatches
STDHsInv0041BP1HG18	1556	599	599	0	599	
STDHsInv0041BP2HG18	11594	568	262	306	250	errorMatches
STDHsInv0044BP1HG18	1	0	0	0	0	emptyRef,allFiltered
STDHsInv0058BP1HG18	4169	799	799	0	799	
STDHsInv0058BP2HG18	3465	754	749	5	749	errorMatches
STDHsInv0059BP1HG18	965	583	583	0	583	
STDHsInv0059BP2HG18	2773	576	575	1	575	errorMatches
STDHsInv0060BP1HG18	1522	751	750	1	750	errorMatches
STDHsInv0060BP2HG18	3766	682	680	2	680	errorMatches
STDHsInv0068BP1HG18	328	217	217	0	217	
STDHsInv0068BP2HG18	269	169	169	0	169	
STDHsInv0081BP1HG18	1717	739	739	0	739	
STDHsInv0081BP2HG18	2169	808	801	7	801	errorMatches
STDHsInv0091BP1HG38	5902	1965	1959	6	1959	errorMatches
STDHsInv0091BP2HG38	7658	2032	2032	0	2032	
STDHsInv0092BP1HG18	2821	1721	1719	2	1719	errorMatches
STDHsInv0092BP2HG18	2261	1373	1366	7	1366	errorMatches
STDHsInv0095BP1HG18	1453	454	453	1	453	errorMatches
STDHsInv0095BP2HG18	966	508	504	4	504	errorMatches
STDHsInv0097BP1HG18	4964	1876	1875	1	1875	errorMatches
STDHsInv0097BP2HG18	6115	2050	2033	17	2032	errorMatches
STDHsInv0098BP1HG18	4030	1562	1520	42	1519	errorMatches
STDHsInv0098BP2HG18	6262	2103	2100	3	2100	errorMatches
STDHsInv0102BP1HG18	2541	1525	1525	0	1525	
STDHsInv0102BP2HG18	5659	1386	1313	73	1306	errorMatches
STDHsInv0105BP1HG18	874	525	525	0	525	
STDHsInv0105BP2HG18	842	518	518	0	518	
STDHsInv0113BP2HG38	3725	1833	1826	7	1826	errorMatches
STDHsInv0141BP1HG38	7089	1736	1735	1	1735	errorMatches
STDHsInv0141BP2HG38	7691	1812	1812	0	1812	
STDHsInv0156BP1HG18	3654	1348	1347	1	1346	errorMatches
STDHsInv0156BP2HG18	2656	932	932	0	932	
STDHsInv0163BP1HG18	2462	1516	1516	0	1516	
STDHsInv0163BP2HG18	2201	1284	1284	0	1284	
STDHsInv0164BP1HG38	3993	1696	1695	1	1695	errorMatches
STDHsInv0164BP2HG38	4034	1756	1756	0	1756	
STDHsInv0174BP1HG18	1322	646	646	0	646	
STDHsInv0174BP2HG18	907	476	476	0	476	
STDHsInv0181BP1HG38	411	112	112	0	112	
STDHsInv0181BP2HG38	97	0	0	0	0	emptyRef,allFiltered
STDHsInv0191BP1HG38	22	15	0	15	0	emptyRef,errorMatches
STDHsInv0191BP2HG38	3	3	0	3	0	emptyRef,errorMatches
STDHsInv0200BP1HG38	2619	490	417	73	417	errorMatches
STDHsInv0201BP1HG18	2497	797	796	1	796	errorMatches
STDHsInv0201BP2HG18	2607	879	879	0	879	
STDHsInv0212BP1HG38	10	4	4	0	0	emptyRef
STDHsInv0212BP2HG38	9	1	1	0	0	emptyRef
STDHsInv0213BP1HG38	3768	2261	2261	0	2261	
STDHsInv0213BP2HG38	3536	1803	1796	7	1796	errorMatches
STDHsInv0260BP1HG18	5460	1587	1585	2	1585	errorMatches
STDHsInv0284BP1HG18	2524	1559	1556	3	1556	errorMatches
STDHsInv0284BP2HG18	2500	1390	1390	0	1390	
STDHsInv0379BP1HG18	1109	635	633	2	633	errorMatches
STDHsInv0379BP2HG18	4432	1656	1633	23	1633	errorMatches
STDHsInv0409BP1HG18	1429	557	557	0	557	
STDHsInv0409BP2HG18	3203	733	733	0	733	
STDHsInv0442BP1HG38	2115	846	846	0	846	
STDHsInv0442BP2HG38	3089	841	841	0	841	
STDHsInv0553BP1HG38	503	140	38	102	4	errorMatches
STDHsInv0901BP1HG38	3538	5	5	0	5	
STDHsInv0901BP2HG38	2767	4	4	0	4	
STDHsInv0960BP1HG38	2750	1839	1839	0	1839	
STDHsInv0960BP2HG38	5068	2064	2063	1	2063	errorMatches
STDHsInv0965BP1HG18	2577	1410	1410	0	1410	
STDHsInv0965BP2HG18	3490	1374	1374	0	1374	
STDHsInv0989BP1HG38	4362	3033	1894	1139	1350	errorMatches
STDHsInv0989BP2HG38	5414	1888	1887	1	1887	errorMatches
STDHsInv0991BP1HG38	550	289	289	0	289	
STDHsInv0991BP2HG38	2225	246	246	0	246	
STDHsInv1053BP1HG18	1944	712	712	0	712	
STDHsInv1053BP2HG18	870	617	615	2	615	errorMatches
STDHsInv1065BP1HG38	3630	1359	1359	0	1359	
STDHsInv1065BP2HG38	3733	1091	1091	0	1091	
STDHsInv1065BP3HG38	2914	1216	1216	0	1216	
STDHsInv1065BP4HG38	3043	897	897	0	897	
STDHsInv1066BP1HG18	3853	1925	1925	0	1925	
STDHsInv1066BP2HG18	3239	1832	1832	0	1832	
STDHsInv1070BP1HG18	6748	2205	1972	233	1448	errorMatches
STDHsInv1070BP2HG18	2660	1181	1118	63	1117	errorMatches
STDHsInv1075BP1HG18	4963	2066	922	1144	799	errorMatches
STDHsInv1075BP2HG18	3202	1408	1323	85	1323	errorMatches
STDHsInv1116BP1HG18	560	192	192	0	192	
STDHsInv1116BP2HG18	365	222	222	0	222	
STDHsInv1122BP1HG18	1167	418	417	1	417	errorMatches
STDHsInv1122BP2HG18	721	405	403	2	403	errorMatches
STDHsInv1127BP1HG38	1992	634	633	1	633	errorMatches
STDHsInv1127BP2HG38	784	361	356	5	356	errorMatches
STDHsInv1128BP1HG38	5082	1830	1829	1	1829	errorMatches
STDHsInv1128BP2HG38	5415	1638	1628	10	1628	errorMatches
STDHsInv1129BP1HG38	3860	939	938	1	938	errorMatches
STDHsInv1129BP2HG38	1723	834	834	0	834	
STDHsInv1143BP1HG38	21	17	3	14	0	emptyRef,errorMatches
STDHsInv1143BP2HG38	12	2	1	1	0	emptyRef,errorMatches
STDHsInv1222BP1HG38	4375	1470	1470	0	1470	
STDHsInv1222BP2HG38	4661	1375	1375	0	1375	
STDHsInv1256BP1HG38	5032	1753	1735	18	1735	errorMatches
STDHsInv1256BP2HG38	4726	1941	1933	8	1933	errorMatches
STDHsInv1258BP1HG38	4018	1581	1580	1	1580	errorMatches
STDHsInv1258BP2HG38	4849	1759	1754	5	1754	errorMatches
STDHsInv1263BP1HG38	4285	1269	1269	0	1269	
STDHsInv1263BP2HG38	3251	1124	1123	1	1123	errorMatches
STDHsInv1264BP2HG38	5468	2049	2049	0	2049	
STDHsInv1306BP1HG38	2237	1728	1728	0	1728	
STDHsInv1306BP2HG38	3250	1865	1865	0	1865	
STDHsInv1314BP1HG38	3468	1815	1815	0	1815	
STDHsInv1314BP2HG38	4424	1577	1577	0	1577	
STDHsInv1321BP1HG38	1716	1026	1014	12	1014	errorMatches
STDHsInv1321BP2HG38	3191	1124	1123	1	1123	errorMatches
STDHsInv1348BP1HG38	5123	1779	1778	1	1778	errorMatches
STDHsInv1348BP2HG38	3008	1778	1775	3	1775	errorMatches
STDHsInv1358BP1HG38	4024	1211	1211	0	1211	
STDHsInv1358BP2HG38	3781	1614	1614	0	1614	
STDHsInv1360BP1HG38	4989	1908	1900	8	1900	errorMatches
STDHsInv1360BP2HG38	5927	1523	1523	0	1523	
STDHsInv1402BP1HG38	4191	1772	1771	1	1771	errorMatches
STDHsInv1402BP2HG38	4360	1687	1576	111	1571	errorMatches
STDHsInv1421BP1HG38	6824	2416	2415	1	2415	errorMatches
STDHsInv1421BP2HG38	4307	2362	2362	0	2362	
STDHsInv1427BP1HG38	5227	1972	1949	23	1949	errorMatches
STDHsInv1427BP2HG38	3221	1823	1822	1	1822	errorMatches
STDHsInv1474BP1HG38	3203	1145	1056	89	1056	errorMatches
STDHsInv1474BP2HG38	2995	939	844	95	844	errorMatches
STDHsInv1569BP1HG38	4874	1809	1807	2	1807	errorMatches
STDHsInv1569BP2HG38	4245	1799	1793	6	1793	errorMatches
STDHsInv1590BP1HG38	4421	1647	1646	1	1646	errorMatches
STDHsInv1590BP2HG38	4223	1642	1641	1	1641	errorMatches
STDHsInv1785BP1HG38	3276	2085	1834	251	1829	errorMatches
STDHsInv1785BP2HG38	2515	1361	860	501	853	errorMatches
STDHsInv1790BP1HG38	4657	2250	2250	0	2250	
STDHsInv1790BP2HG38	3998	1557	1536	21	1536	errorMatches
STDHsInv1798BP0HG38	1717	1109	1077	32	1076	errorMatches
STDHsInv1819BP1HG38	3761	1735	1735	0	1735	
STDHsInv1819BP2HG38	3339	1233	1233	0	1233	
STDHsInv1820BP1HG38	3699	1576	1419	157	1418	errorMatches
STDHsInv1820BP2HG38	4515	1404	617	787	605	errorMatches
STDHsInv1838BP1HG38	4258	1647	1647	0	1647	
STDHsInv1838BP2HG38	3359	227	227	0	227	
STDHsInv1848BP1HG38	2279	1383	1360	23	1360	errorMatches
STDHsInv1848BP2HG38	5582	2246	2045	201	1938	errorMatches
STDHsInv1867BP1HG38	4667	1614	194	1420	114	errorMatches
STDHsInv1867BP2HG38	3552	1511	1417	94	1411	errorMatches
STDHsInv1868BP1HG38	2724	1408	1394	14	1394	errorMatches
STDHsInv1868BP2HG38	2535	1599	1599	0	1599	
STDHsInv1874BP1HG38	1682	0	0	0	0	emptyRef,allFiltered
STDHsInv1875BP1HG38	10	3	3	0	0	emptyRef
STDHsInv1875BP2HG38	188	7	7	0	0	emptyRef
