Inversion	Numinds.with.ref	Percentage.Different GType	Percentage.Same GType	Percentage.Filter (few reads)	Percentage.Filter (0 reads)	Numinds.geno.break	Reads.Min	Reads.Median	Reads.Mean	Reads.Max	QualityTest
HsInv0004	187	0	20.855614973262	20.855614973262	58.2887700534759	185	1	8	8.65405405405405	28	
HsInv0006	188	0	19.6808510638298	20.7446808510638	59.5744680851064	185	1	6	6.98888888888889	23	
HsInv0015	92	0	10.8695652173913	25	64.1304347826087	185	1	7	7.08695652173913	20	
HsInv0016	92	0	17.3913043478261	18.4782608695652	64.1304347826087	185	1	6	6.6448087431694	23	
HsInv0041	188	0	8.51063829787234	28.1914893617021	63.2978723404255	185	1	3	4.2046783625731	14	
HsInv0044	NA	NA	NA	NA	NA	185	2	11	11.6521739130435	31	
HsInv0058	187	0	21.9251336898396	19.2513368983957	58.8235294117647	185	1	8	8.79234972677596	33	
HsInv0059	188	0	20.2127659574468	19.1489361702128	60.6382978723404	185	1	5	6.40909090909091	22	
HsInv0060	91	1.0989010989011	8.79120879120879	25.2747252747253	64.8351648351648	185	1	5	5.82702702702703	29	
HsInv0068	187	0	6.41711229946524	34.2245989304813	59.3582887700535	185	1	5	5.04519774011299	15	
HsInv0081	92	0	13.0434782608696	21.7391304347826	65.2173913043478	185	1	4	5.61931818181818	20	
HsInv0091	92	0	14.1304347826087	21.7391304347826	64.1304347826087	185	2	12	14.0810810810811	48	
HsInv0092	188	0	18.6170212765957	23.4042553191489	57.9787234042553	185	1	6	7.05945945945946	22	
HsInv0095	188	0	16.4893617021277	25	58.5106382978723	185	1	6	6.98369565217391	22	
HsInv0097	188	0	27.1276595744681	14.8936170212766	57.9787234042553	185	1	8	9.22702702702703	27	
HsInv0098	188	0	24.468085106383	17.0212765957447	58.5106382978723	185	1	9	9.62295081967213	25	
HsInv0102	188	0	25.531914893617	14.8936170212766	59.5744680851064	185	1	7	8.23204419889503	22	
HsInv0105	188	0	14.3617021276596	26.5957446808511	59.0425531914894	185	1	5	5.97222222222222	17	
HsInv0113	96	0	10.4166666666667	22.9166666666667	66.6666666666667	185	1	5	5.14364640883978	17	
HsInv0141	92	0	18.4782608695652	17.3913043478261	64.1304347826087	185	1	8	8.48901098901099	30	
HsInv0156	110	0	19.0909090909091	21.8181818181818	59.0909090909091	185	1	6	6.24725274725275	16	
HsInv0163	119	0	25.2100840336134	20.1680672268908	54.6218487394958	185	1	6	7.11413043478261	17	
HsInv0164	90	0	14.4444444444444	20	65.5555555555556	185	1	7	7.95580110497238	24	
HsInv0174	92	0	11.9565217391304	23.9130434782609	64.1304347826087	185	1	7	8.49726775956284	26	
HsInv0181	89	0	4.49438202247191	15.7303370786517	79.7752808988764	185	1	2	2.69473684210526	8	
HsInv0191	92	0	0	10.8695652173913	89.1304347826087	185	1	2	2.07462686567164	7	
HsInv0200	NA	NA	NA	NA	NA	185	1	2	2.1063829787234	6	
HsInv0201	188	0	23.936170212766	17.0212765957447	59.0425531914894	185	1	7	8.08791208791209	25	
HsInv0212	92	0	0	3.26086956521739	96.7391304347826	185	1	2	2.21739130434783	7	
HsInv0213	NA	NA	NA	NA	NA	185	1	8.5	9.5	31	
HsInv0260	188	0	7.97872340425532	31.9148936170213	60.1063829787234	185	1	4	4.56424581005587	16	
HsInv0284	187	0	18.1818181818182	22.9946524064171	58.8235294117647	185	1	5.5	6.34615384615385	22	
HsInv0379	193	0	13.9896373056995	26.4248704663212	59.5854922279793	185	1	5	5.08938547486034	15	
HsInv0409	188	0	11.7021276595745	28.7234042553192	59.5744680851064	185	1	4	4.69767441860465	20	
HsInv0442	92	1.08695652173913	20.6521739130435	14.1304347826087	64.1304347826087	185	1	7	7.19553072625698	19	
HsInv0553	92	0	0	0	100	185	1	1	1	1	Low read count
HsInv0901	91	2.1978021978022	2.1978021978022	17.5824175824176	78.021978021978	185	1	3	3.49411764705882	12	
HsInv0960	92	0	26.0869565217391	9.78260869565217	64.1304347826087	185	1	8	9.47567567567568	27	
HsInv0965	113	0	21.2389380530973	24.7787610619469	53.9823008849557	185	1	6	6.79120879120879	24	
HsInv0989	92	0	23.9130434782609	11.9565217391304	64.1304347826087	185	1	8	8.53260869565217	22	
HsInv0991	92	0	16.304347826087	19.5652173913043	64.1304347826087	185	1	6	6.28108108108108	19	
HsInv1053	188	0	18.6170212765957	23.4042553191489	57.9787234042553	185	1	7	7.58918918918919	22	
HsInv1065	92	0	20.6521739130435	15.2173913043478	64.1304347826087	185	1	11	12.3513513513514	41	
HsInv1066	122	0	24.5901639344262	20.4918032786885	54.9180327868852	185	1	7	8.3027027027027	28	
HsInv1070	121	0	25.6198347107438	19.8347107438017	54.5454545454545	185	1	6	6.55978260869565	22	
HsInv1075	119	0	17.6470588235294	26.890756302521	55.4621848739496	185	1	6	7.25136612021858	19	
HsInv1116	188	0	20.7446808510638	20.2127659574468	59.0425531914894	185	1	7	7.69230769230769	30	
HsInv1122	67	0	7.46268656716418	17.910447761194	74.6268656716418	185	1	4	5	18	
HsInv1127	92	0	2.17391304347826	25	72.8260869565217	185	1	2	2.86507936507937	10	
HsInv1128	92	0	16.304347826087	19.5652173913043	64.1304347826087	185	1	7	7.86885245901639	24	
HsInv1129	94	0	9.57446808510638	23.4042553191489	67.0212765957447	185	1	4	4.35632183908046	15	
HsInv1143	92	0	0	2.17391304347826	97.8260869565217	185	1	2	2.44444444444444	4	
HsInv1222	91	0	19.7802197802198	15.3846153846154	64.8351648351648	185	1	6	6.90502793296089	19	
HsInv1256	92	0	26.0869565217391	9.78260869565217	64.1304347826087	185	1	8	8.78918918918919	28	
HsInv1258	92	0	19.5652173913043	16.304347826087	64.1304347826087	185	1	8	8.34594594594595	26	
HsInv1263	92	1.08695652173913	11.9565217391304	21.7391304347826	65.2173913043478	185	1	4	5.2183908045977	18	
HsInv1264	93	0	15.0537634408602	19.3548387096774	65.5913978494624	185	1	4	5	17	
HsInv1306	92	0	21.7391304347826	14.1304347826087	64.1304347826087	185	1	8	8.40217391304348	22	
HsInv1314	92	0	19.5652173913043	16.304347826087	64.1304347826087	185	1	7	7.90217391304348	25	
HsInv1321	90	0	17.7777777777778	16.6666666666667	65.5555555555556	185	1	6	6.89010989010989	21	
HsInv1348	91	0	20.8791208791209	15.3846153846154	63.7362637362637	185	1	8	9.18378378378378	22	
HsInv1358	92	0	14.1304347826087	21.7391304347826	64.1304347826087	185	1	6	7.18579234972678	23	
HsInv1360	96	0	16.6666666666667	21.875	61.4583333333333	185	1	7	8.13586956521739	23	
HsInv1402	92	0	22.8260869565217	13.0434782608696	64.1304347826087	185	1	8	8.32417582417582	25	
HsInv1421	92	0	13.0434782608696	22.8260869565217	64.1304347826087	185	1	9	11.1141304347826	31	
HsInv1427	92	0	16.304347826087	19.5652173913043	64.1304347826087	185	1	9	9.61748633879781	27	
HsInv1474	91	0	12.0879120879121	24.1758241758242	63.7362637362637	185	1	5	5.28651685393258	16	
HsInv1569	92	0	18.4782608695652	15.2173913043478	66.304347826087	185	1	7	7.4945652173913	26	
HsInv1590	92	1.08695652173913	18.4782608695652	16.304347826087	64.1304347826087	185	1	7	7.30978260869565	19	
HsInv1785	91	0	24.1758241758242	12.0879120879121	63.7362637362637	185	1	7	7.90810810810811	22	
HsInv1790	93	0	19.3548387096774	19.3548387096774	61.2903225806452	185	1	9	8.83152173913044	20	
HsInv1798	91	0	6.59340659340659	27.4725274725275	65.9340659340659	185	1	3	3.59119496855346	13	
HsInv1819	93	0	18.2795698924731	17.2043010752688	64.5161290322581	185	1	6	6.24590163934426	23	
HsInv1820	92	0	18.4782608695652	17.3913043478261	64.1304347826087	185	1	5	5.4475138121547	18	
HsInv1838	92	1.08695652173913	11.9565217391304	21.7391304347826	65.2173913043478	185	1	5	5.45	18	
HsInv1848	92	0	20.6521739130435	15.2173913043478	64.1304347826087	185	1	7	8.74054054054054	25	
HsInv1867	92	0	17.3913043478261	18.4782608695652	64.1304347826087	185	1	7	7.22404371584699	22	
HsInv1868	NA	NA	NA	NA	NA	185	1	6	6.61621621621622	23	
HsInv1874	NA	NA	NA	NA	NA	185	1	2	2.48936170212766	7	
HsInv1875	91	0	0	0	100	185	1	1	1	1	Low read count
HsOtb1874	NA	NA	NA	NA	NA	185	1	2	2.125	7	
HsOth0154	NA	NA	NA	NA	NA	185	1	7	8.14130434782609	23	
HsOth0170	NA	NA	NA	NA	NA	185	1	5	5.32768361581921	19	
HsOth0171	NA	NA	NA	NA	NA	185	1	4	5.26136363636364	16	
HsOth0178	NA	NA	NA	NA	NA	185	1	3	3.96491228070175	18	
HsOth0182	NA	NA	NA	NA	NA	185	1	7	7.08743169398907	23	
HsOth0186	NA	NA	NA	NA	NA	185	1	4	4.62777777777778	16	
HsOth0211	NA	NA	NA	NA	NA	185	1	4	4.67816091954023	17	
HsOth0224	NA	NA	NA	NA	NA	185	1	5	5.2752808988764	17	
HsOth0310	NA	NA	NA	NA	NA	185	1	4	4.52808988764045	21	
HsOth0335	NA	NA	NA	NA	NA	185	1	2.5	2.93292682926829	10	
HsOth0463	NA	NA	NA	NA	NA	185	1	4	4.44642857142857	25	
HsOth0574	NA	NA	NA	NA	NA	185	1	6	6.22950819672131	19	
HsOth0589	NA	NA	NA	NA	NA	185	1	5	6.44571428571429	23	
HsOth0612	NA	NA	NA	NA	NA	185	1	4	5.05681818181818	18	
HsOth0968	NA	NA	NA	NA	NA	185	1	1	1.32258064516129	3	Low read count
HsOth0987	NA	NA	NA	NA	NA	185	1	4	4.55757575757576	12	
HsOth0997	NA	NA	NA	NA	NA	185	1	6	6.51086956521739	25	
HsOth1004	NA	NA	NA	NA	NA	185	1	5	6.24861878453039	22	
HsOth1013	NA	NA	NA	NA	NA	185	1	4	3.99428571428571	12	
HsOth1112	NA	NA	NA	NA	NA	185	1	3	3.54651162790698	15	
HsOth1122	105	0	8.57142857142857	22.8571428571429	68.5714285714286	185	1	4	4.58620689655172	19	
HsOth1130	NA	NA	NA	NA	NA	185	1	4	5.02923976608187	18	
HsOth1146	NA	NA	NA	NA	NA	185	1	3	3.36075949367089	13	
HsOth1153	NA	NA	NA	NA	NA	185	1	2	2.84931506849315	8	
HsOth1216	NA	NA	NA	NA	NA	185	1	4	4.36931818181818	14	
HsOth1225	NA	NA	NA	NA	NA	185	1	3	4.00561797752809	14	
HsOth1240	NA	NA	NA	NA	NA	185	1	4	4.10674157303371	17	
HsOth1269	NA	NA	NA	NA	NA	185	1	5	5.1978021978022	17	
HsOth1275	NA	NA	NA	NA	NA	185	1	4	4.92265193370166	16	
HsOth1306	NA	NA	NA	NA	NA	185	1	7	8.01621621621622	28	
HsOth1313	NA	NA	NA	NA	NA	185	1	1	2.03846153846154	8	Low read count
HsOth1329	NA	NA	NA	NA	NA	185	1	3	3.88235294117647	16	
HsOth1376	NA	NA	NA	NA	NA	185	1	5	5.36612021857924	26	
HsOth1408	NA	NA	NA	NA	NA	185	1	4	4.18934911242604	15	
HsOth1411	NA	NA	NA	NA	NA	185	1	5	4.99441340782123	13	
HsOth1414	NA	NA	NA	NA	NA	185	1	3	3.89221556886228	15	
HsOth1422	NA	NA	NA	NA	NA	185	1	5	5.49720670391061	21	
HsOth1425	NA	NA	NA	NA	NA	185	1	4	5.0989010989011	18	
HsOth1428	NA	NA	NA	NA	NA	185	1	8	8.11351351351351	20	
HsOth1432	NA	NA	NA	NA	NA	185	1	9	9.34782608695652	29	
HsOth1454	NA	NA	NA	NA	NA	185	1	8	8.51366120218579	22	
HsOth1468	NA	NA	NA	NA	NA	185	1	4	4.50561797752809	13	
HsOth1471	NA	NA	NA	NA	NA	185	1	4	4.91011235955056	16	
HsOth1484	NA	NA	NA	NA	NA	185	1	4	4.68390804597701	16	
HsOth1497	NA	NA	NA	NA	NA	185	1	6	6.26229508196721	24	
HsOth1511	NA	NA	NA	NA	NA	185	1	3	4.18390804597701	19	
HsOth1579	NA	NA	NA	NA	NA	185	1	3	3.74011299435028	14	
HsOth1614	NA	NA	NA	NA	NA	185	2	8	9.51381215469613	30	
HsOth1637	NA	NA	NA	NA	NA	185	1	6	6.26666666666667	19	
HsOth1667	NA	NA	NA	NA	NA	185	1	8	8.13586956521739	31	
HsOth1681	NA	NA	NA	NA	NA	185	1	6	6.42934782608696	20	
HsOth1700	NA	NA	NA	NA	NA	185	1	4	4.39444444444444	17	
HsOth1751	NA	NA	NA	NA	NA	185	1	4	4.45402298850575	13	
HsOth1794	NA	NA	NA	NA	NA	185	1	3	3.73684210526316	12	
