probe	count.ini	count.fil	count.xun	count.uni	count.qc	diagnosis
ANCHsOta1874BP1AK1	587	239	0	167	87	
ANCHsOta1874BP2AK1	443	149	0	112	62	
ANCHsOtb1874BP3CHM13	361	115	0	76	26	
DELHsOtb1141BP0HG04217	305	82	0	48	16	
DELHsOth1122BP0CHM1	2385	1323	0	977	450	
DELHsOth1306BP0HG02818	182	22	0	15	2	
INSHsOta1141BP1HG04217	3944	91	0	54	18	
INSHsOta1141BP2HG04217	3546	90	0	53	19	
INSHsOta1874BP1CHM13	6792	1684	0	1202	468	
INSHsOta1874BP2CHM13	8802	1771	2	1224	476	errorMatches
INSHsOth0154BP1AK1	9087	1847	0	1301	531	
INSHsOth0154BP2AK1	7882	1671	0	1157	478	
INSHsOth0170BP1bNA19129	117	76	0	62	220	
INSHsOth0170BP1aNA12156	1265	737	0	518	220	
INSHsOth0170BP2NA12156	4814	782	0	540	212	
INSHsOth0171BP1NA12878	4529	429	0	332	156	
INSHsOth0171BP2NA12878	4615	509	0	382	180	
INSHsOth0178BP1UNKN	712	116	0	104	76	
INSHsOth0178BP2UNKN	3436	161	0	149	120	
INSHsOth0182BP1NA12878	6385	1281	0	955	469	
INSHsOth0182BP2NA12878	7417	1409	0	1047	509	
INSHsOth0186BP1NA19434	2307	74	0	69	61	
INSHsOth0186BP2NA19434	2439	73	0	65	55	
INSHsOth0211BP1HX1	1041	576	0	438	209	
INSHsOth0211BP2HX1	2672	546	0	418	198	
INSHsOth0224BP1CHM13	5139	715	0	489	170	
INSHsOth0224BP2CHM13	4604	548	0	372	119	
INSHsOth0310BP1CHM13	3401	382	0	228	15	
INSHsOth0310BP2CHM13	3941	411	0	236	22	
INSHsOth0335BP1NA18555	6	2	0	1	0	emptyAlt
INSHsOth0335BP2NA18555	2785	84	3	0	0	emptyAlt,errorMatches
INSHsOth0463BP1YH	5518	734	3	561	301	errorMatches
INSHsOth0463BP2YH	3739	517	20	317	167	errorMatches
INSHsOth0574BP1CHM13	5502	1006	1	671	223	errorMatches
INSHsOth0574BP2CHM13	6241	1327	168	661	212	errorMatches
INSHsOth0589BP1Han1	5783	868	0	647	304	
INSHsOth0589BP2Han1	5430	744	0	554	274	
INSHsOth0612BP1AK1	5533	305	0	206	85	
INSHsOth0612BP2AK1	3713	245	0	168	74	
INSHsOth0968BP1NA18555	227	145	0	102	28	
INSHsOth0968BP2NA18555	139	80	0	39	13	
INSHsOth0987BP1NA12878	1095	631	43	396	150	errorMatches
INSHsOth0987BP2NA12878	1922	785	1	536	195	errorMatches
INSHsOth0997BP1CHM1	6855	999	0	792	419	
INSHsOth0997BP2CHM1	8802	1016	0	787	377	
INSHsOth1004BP1NA12878	7414	1283	0	873	285	
INSHsOth1004BP2NA12878	9913	1188	0	800	254	
INSHsOth1013BP1NA12878	3723	166	0	110	35	
INSHsOth1013BP2NA12878	4853	169	0	104	29	
INSHsOth1112BP1NA12156	2546	388	0	222	58	
INSHsOth1112BP2NA12156	2717	434	0	284	89	
INSHsOth1130BP1AKv2	5768	697	0	512	221	
INSHsOth1130BP2AKv2	5377	900	0	655	292	
INSHsOth1146BP1NA19440	92	70	0	51	32	
INSHsOth1146BP2NA19440	35	19	0	16	11	
INSHsOth1146BP3NA19440	183	73	0	51	27	
INSHsOth1153BP1NA19434	4283	45	0	37	29	
INSHsOth1153BP2NA19434	2469	53	0	46	38	
INSHsOth1216BP1HG02818	544	35	0	20	7	
INSHsOth1216BP2HG02818	152	26	0	16	9	
INSHsOth1225BP1NA18552	3496	218	0	153	65	
INSHsOth1225BP2NA18552	2881	225	0	155	45	
INSHsOth1240BP1CHM13	2739	59	0	31	0	emptyAlt
INSHsOth1240BP2CHM13	2561	61	0	32	0	emptyAlt
INSHsOth1269BP1NA19921	2153	103	0	77	52	
INSHsOth1269BP2NA19921	2717	93	0	68	41	
INSHsOth1275BP1KOREF	1863	99	0	74	28	
INSHsOth1275BP2KOREF	3422	115	0	90	34	
INSHsOth1313BP1CHM13	127	88	0	61	27	
INSHsOth1313BP2CHM13	122	80	0	58	26	
INSHsOth1329BP1HG02818	2565	24	0	21	15	
INSHsOth1329BP2HG02818	1851	16	0	15	13	
INSHsOth1376BP1NA19129	4526	49	0	48	36	
INSHsOth1376BP2NA19129	3927	49	0	48	33	
INSHsOth1408BP1HG03486	2953	82	0	69	52	
INSHsOth1408BP2HG03486	3659	44	0	36	25	
INSHsOth1411BP1CHM13	6333	627	5	413	156	errorMatches
INSHsOth1411BP2CHM13	7178	1458	540	429	174	errorMatches
INSHsOth1414BP1CHM1	3490	174	0	99	21	
INSHsOth1414BP2CHM1	3497	128	0	73	22	
INSHsOth1422BP1CHM1	6770	1044	0	758	345	
INSHsOth1422BP2CHM1	4875	804	0	583	266	
INSHsOth1425BP1UNKN	2890	22	0	11	1	
INSHsOth1425BP2UNKN	3324	24	0	12	3	
INSHsOth1428BP1NA19434	3863	359	0	302	180	
INSHsOth1428BP2NA19434	7698	383	0	306	188	
INSHsOth1432BP1NA19068	3143	65	0	49	23	
INSHsOth1432BP2NA19068	2924	68	0	61	40	
INSHsOth1454BP1AK1	4523	546	0	381	143	
INSHsOth1454BP2AK1	5437	643	0	464	193	
INSHsOth1468BP1HG02818	3464	17	0	8	0	emptyAlt
INSHsOth1468BP2HG02818	4062	9	0	5	0	emptyAlt
INSHsOth1471BP1HG02623	1958	33	0	30	26	
INSHsOth1471BP2HG02623	1987	32	0	27	22	
INSHsOth1484BP1CHM1	1957	154	0	94	18	
INSHsOth1484BP2CHM1	3385	160	0	102	17	
INSHsOth1497BP1HG00250	3000	153	0	109	46	
INSHsOth1497BP2HG00250	2678	215	0	150	65	
INSHsOth1511BP1CMT001	3041	200	0	139	57	
INSHsOth1511BP2CMT001	3354	189	0	128	49	
INSHsOth1579BP1CMT001	2812	80	0	53	17	
INSHsOth1579BP2CMT001	2708	88	0	64	33	
INSHsOth1614BP1HG02623	6697	109	0	97	83	
INSHsOth1614BP2HG02623	5173	120	0	115	96	
INSHsOth1637BP1HG03486	2862	22	0	21	14	
INSHsOth1637BP2HG03486	2481	26	0	26	22	
INSHsOth1667BP1AK1	5637	588	0	411	132	
INSHsOth1667BP2AK1	4729	600	0	416	133	
INSHsOth1681BP1NA19440	1974	45	0	38	26	
INSHsOth1681BP2NA19440	1904	37	0	34	29	
INSHsOth1700BP1Reads	2905	29	0	24	16	
INSHsOth1700BP2Reads	3544	41	0	29	18	
INSHsOth1751BP1HG00268	3038	149	0	101	31	
INSHsOth1751BP2HG00268	3368	128	0	86	30	
INSHsOth1794BP1NA19434	2049	37	0	28	9	
INSHsOth1794BP2NA19434	2395	0	0	0	0	emptyAlt,allFiltered
INVHsInv0004BP1HuRef	607	347	0	226	73	
INVHsInv0004BP2HuRef	533	308	0	206	66	
INVHsInv0006BP1HuRef	1423	809	3	538	175	errorMatches
INVHsInv0006BP2HuRef	723	723	63	434	144	errorMatches
INVHsInv0015BP1HuRef	5343	1527	0	1143	574	
INVHsInv0015BP2HuRef	4832	1623	0	1143	490	
INVHsInv0016BP1HuRef	17753	2108	0	1520	661	
INVHsInv0016BP2HuRef	6473	1695	0	1203	472	
INVHsInv0041BP1HuRef	2823	546	0	405	194	
INVHsInv0041BP2HuRef	4164	636	0	467	234	
INVHsInv0044BP1HuRef	5279	3503	0	2549	1140	
INVHsInv0044BP2HuRef	6925	3027	0	2200	1004	
INVHsInv0058BP1HuRef	3755	1402	0	979	423	
INVHsInv0058BP2HuRef	5269	1616	0	1171	529	
INVHsInv0059BP1HuRef	1903	1419	0	946	315	
INVHsInv0059BP2HuRef	3930	1496	0	1018	357	
INVHsInv0060BP1HuRef	2805	1203	0	846	336	
INVHsInv0060BP2HuRef	1169	675	0	469	192	
INVHsInv0068BP1HuRef	5	1	0	1	1	
INVHsInv0068BP2HuRef	25	11	0	9	6	
INVHsInv0068BP3NA19240_versionalternativa	1864	1237	0	898	397	
INVHsInv0068BP4NA19240_versionalternativa	1781	1227	0	903	409	
INVHsInv0081BP1HuRef	2927	748	0	497	164	
INVHsInv0081BP2HuRef	3256	876	0	567	162	
INVHsInv0091BP2HuRef	4410	1659	0	1232	599	
INVHsInv0091BP3HuRef	4909	1359	0	988	471	
INVHsInv0092BP1NA19240	770	301	0	217	120	
INVHsInv0092BP2NA19240	506	327	0	240	117	
INVHsInv0095BP1NA19129	1554	541	0	378	202	
INVHsInv0095BP2NA19240	3926	2214	0	1614	733	
INVHsInv0097BP1NA15510	430	4	0	4	4	
INVHsInv0097BP2NA15510	3216	4	0	4	4	
INVHsInv0098BP1NA19240	923	347	0	266	142	
INVHsInv0098BP2NA19240	4533	662	75	156	89	errorMatches
INVHsInv0102BP1NA12156	3063	356	0	264	123	
INVHsInv0102BP2NA12156	1018	387	0	279	144	
INVHsInv0105BP1NA18507	1873	1113	0	788	299	
INVHsInv0105BP2NA18507	2152	1321	0	969	436	
INVHsInv0113BP1NA06985	2512	130	0	101	63	
INVHsInv0113BP2NA06985	4268	123	0	95	58	
INVHsInv0141BP1NA12156	6433	127	0	95	51	
INVHsInv0141BP2NA12156	6007	113	0	83	46	
INVHsInv0156BP1NA12878	839	323	0	227	87	
INVHsInv0156BP2NA12878	3447	431	0	281	86	
INVHsInv0163BP1NA11995	515	265	0	207	104	
INVHsInv0163BP2NA11995	1466	306	0	234	120	
INVHsInv0164BP1HG03838	2586	110	0	81	43	
INVHsInv0164BP2HG03838	2615	122	0	91	47	
INVHsInv0174BP1CHM1	5000	2385	0	1709	769	
INVHsInv0174BP2CHM1	2452	892	0	605	244	
INVHsInv0181BP1CHM1	139	0	0	0	0	emptyAlt,allFiltered
INVHsInv0181BP2CHM1	1775	606	580	2	1	errorMatches
INVHsInv0191BP1CHM1	209	123	0	102	65	
INVHsInv0191BP2CHM1	182	127	0	110	74	
INVHsInv0200BP1NA12878	1645	41	0	17	4	
INVHsInv0201BP1Celera	5351	1392	0	990	437	
INVHsInv0201BP2Celera	4706	1217	0	852	372	
INVHsInv0212BP1HX1	66	41	0	32	20	
INVHsInv0212BP2HX1	87	57	0	49	31	
INVHsInv0213BP1NA19440	1986	50	0	45	38	
INVHsInv0213BP2NA19440	178	46	0	41	31	
INVHsInv0260BP1NA18517	4105	415	0	317	173	
INVHsInv0284BP1NA19129	170	39	0	37	32	
INVHsInv0284BP2NA19129	987	40	0	39	36	
INVHsInv0379BP1Inv	202	19	0	18	13	
INVHsInv0379BP2Inv	325	19	0	16	4	
INVHsInv0409BP1NA12878	2507	736	0	510	191	
INVHsInv0409BP2NA12878	1465	523	0	361	134	
INVHsInv0442BP1AK1	4329	1167	0	852	390	
INVHsInv0442BP2AK1	4809	1177	0	861	374	
INVHsInv0553BP1NA12878	27	2	0	1	0	emptyAlt
INVHsInv0901BP0CHM1_versionalternativa	5340	754	0	575	293	
INVHsInv0901BP1CHM1	749	1	0	1	1	
INVHsInv0901BP2CHM1	2880	1	0	1	0	emptyAlt
INVHsInv0960BP1NA18552	545	184	0	121	39	
INVHsInv0960BP2NA18552	3186	181	0	118	33	
INVHsInv0965BP1NA19129	3605	291	0	217	118	
INVHsInv0965BP2NA19129	531	261	0	202	116	
INVHsInv0989BP1CHM1	1259	97	0	54	7	
INVHsInv0989BP2CHM1	281	38	0	19	1	
INVHsInv0991BP1CHM1	3854	1816	0	1360	707	
INVHsInv0991BP2CHM1	1569	959	0	696	320	
INVHsInv1053BP1HuRef	5167	1237	0	860	370	
INVHsInv1053BP2HuRef	4070	1658	0	1192	489	
INVHsInv1065BP1NA18956	3395	335	0	238	94	
INVHsInv1065BP2NA18956	1851	486	0	348	140	
INVHsInv1065BP3NA18956	2369	333	0	231	67	
INVHsInv1065BP4NA18956	4759	515	0	360	116	
INVHsInv1066BP1HG00268	1331	64	0	35	7	
INVHsInv1066BP2HG00268	359	63	0	37	4	
INVHsInv1070BP1NA11829	3270	54	0	21	3	
INVHsInv1070BP2NA11829	1824	56	0	26	1	
INVHsInv1075BP1NA19129	5864	412	0	252	56	
INVHsInv1075BP2NA19129	2018	313	3	194	33	errorMatches
INVHsInv1116BP1HuRef	6268	2447	0	1745	727	
INVHsInv1116BP2HuRef	3327	2072	0	1438	534	
INVHsInv1122BP1HuRef	1824	397	0	244	38	
INVHsInv1122BP2HuRef	884	367	0	226	38	
INVHsInv1127BP1NA19434	1307	57	0	52	43	
INVHsInv1127BP2NA19434	966	48	0	41	30	
INVHsInv1128BP1HG00733	2077	16	0	16	5	
INVHsInv1128BP2HG00733	2439	17	0	14	2	
INVHsInv1129BP1HG03115	3084	48	0	44	33	
INVHsInv1129BP2HG03115	476	35	0	31	24	
INVHsInv1143BP1NA19240	43	29	0	23	11	
INVHsInv1143BP2NA19240	50	35	0	28	11	
INVHsInv1222BP1NA19129	287	149	0	129	82	
INVHsInv1222BP2NA19129	4039	102	0	90	62	
INVHsInv1256BP1NA12878	2933	180	0	110	18	
INVHsInv1256BP2NA12878	2412	176	0	110	16	
INVHsInv1258BP1NA19240	2945	316	0	240	129	
INVHsInv1258BP2NA19240	3519	313	0	248	124	
INVHsInv1263BP1HG02059	4546	86	0	64	30	
INVHsInv1263BP2HG02059	2854	177	0	130	66	
INVHsInv1264BP1CMT001	178	103	0	55	4	
INVHsInv1264BP2CMT001	7611	2756	1993	4	1	errorMatches
INVHsInv1306BP1HG02818	139	28	0	20	7	
INVHsInv1306BP2HG02818	81	43	0	30	7	
INVHsInv1314BP1NA19434	872	33	0	31	26	
INVHsInv1314BP2NA19434	3758	183	60	37	30	errorMatches
INVHsInv1321BP1AK1	1514	904	0	695	351	
INVHsInv1321BP2AK1	5579	686	483	11	3	errorMatches
INVHsInv1348BP1NA12878	3870	327	0	212	64	
INVHsInv1348BP2NA12878	829	328	0	211	59	
INVHsInv1358BP1NA19129	3040	171	0	147	114	
INVHsInv1358BP2NA19129	555	198	0	155	97	
INVHsInv1360BP1HG02818	2436	35	0	31	18	
INVHsInv1360BP2HG02818	3124	36	0	33	27	
INVHsInv1402BP1NA12156	3568	136	0	71	1	
INVHsInv1402BP2NA12156	915	132	0	71	2	
INVHsInv1421BP1NA12004	2846	48	0	25	0	emptyAlt
INVHsInv1421BP2NA12004	1120	49	0	30	0	emptyAlt
INVHsInv1427BP1HG02059	3689	231	0	168	73	
INVHsInv1427BP2HG02059	1195	221	0	158	69	
INVHsInv1474BP1HG02623	3127	167	0	135	83	
INVHsInv1474BP2HG02623	2175	126	0	104	69	
INVHsInv1569BP1CHM1	2544	40	0	20	0	emptyAlt
INVHsInv1569BP2CHM1	2727	54	0	27	0	emptyAlt
INVHsInv1590BP1NA19240	18722	118	0	89	53	
INVHsInv1590BP2NA19240	2588	122	0	101	75	
INVHsInv1785BP1CHM1	315	189	0	135	47	
INVHsInv1785BP2CHM1	676	207	0	149	50	
INVHsInv1790BP1HG03115	1736	16	0	16	16	
INVHsInv1790BP2HG03115	991	18	0	17	17	
INVHsInv1798BP1NA24149	2309	611	12	162	85	errorMatches
INVHsInv1798BP2NA24149	2896	253	29	148	60	errorMatches
INVHsInv1819BP1HX1	38	23	0	15	0	emptyAlt
INVHsInv1819BP2HX1	1403	18	0	13	2	
INVHsInv1820BP1HG03115	1854	45	0	34	21	
INVHsInv1820BP2HG03115	3758	42	0	32	22	
INVHsInv1838BP1YH	2803	123	103	6	3	errorMatches
INVHsInv1838BP2YH	1889	238	0	198	126	
INVHsInv1848BP1NA19129	763	85	0	83	72	
INVHsInv1848BP2NA19129	2928	317	53	99	63	errorMatches
INVHsInv1867BP1NA12878	3096	430	0	302	123	
INVHsInv1867BP2NA12878	1565	668	0	499	239	
INVHsInv1874BP1CHM13	3214	1175	5	842	351	errorMatches
INVHsInv1875BP1CHM13	25	8	0	6	1	
INVHsInv1875BP2CHM13	35	13	0	7	0	emptyAlt
REFHsOta1141BP0HG38	6612	2306	1657	0	733	
REFHsOtb1141BP3HG38	7747	2659	1911	1	862	errorMatches
REFHsOtb1141BP4HG38	7368	2657	1931	0	882	
REFHsOtb1874BP3HG38	1667	713	486	0	178	
REFHsOth0154BP0HG38	2782	1303	978	0	489	
REFHsOth0170BP0HG38	3123	1616	1173	0	511	
REFHsOth0171BP0HG38	3535	2152	1497	0	590	
REFHsOth0178BP0HG38	4304	1978	1351	0	482	
REFHsOth0182BP0HG38	1978	1166	814	0	319	
REFHsOth0186BP0HG38	4132	2357	1669	1	717	errorMatches
REFHsOth0211BP0HG38	4389	2084	1455	1	0	emptyRef,errorMatches
REFHsOth0224BP0HG38	3774	2071	1496	0	650	
REFHsOth0310BP0HG38	4594	2135	1577	1	769	errorMatches
REFHsOth0335BP0HG38	2143	1559	1059	62	481	errorMatches
REFHsOth0463BP0HG38	2948	1189	782	3	279	errorMatches
REFHsOth0574BP0HG38	3095	1751	1338	7	705	errorMatches
REFHsOth0589BP0HG38	2994	1821	1245	69	550	errorMatches
REFHsOth0612BP0HG38	4122	2260	1629	0	731	
REFHsOth0968BP0HG38	4	3	2	0	0	emptyRef
REFHsOth0987BP0HG38	2780	991	771	6	407	errorMatches
REFHsOth0997BP0HG38	3898	1762	1161	13	402	errorMatches
REFHsOth1004BP0HG38	5489	1385	1069	0	592	
REFHsOth1013BP0HG38	6876	2171	1557	0	635	
REFHsOth1112BP0HG38	2461	1322	948	7	463	errorMatches
REFHsOth1122BP1HG18	3042	1219	792	0	225	
REFHsOth1122BP2HG18	2303	773	497	0	123	
REFHsOth1130BP0HG38	2379	1288	894	0	347	
REFHsOth1146BP0HG38	3396	1660	1172	0	461	
REFHsOth1153BP0HG38	2515	1344	840	0	349	
REFHsOth1216BP0HG38	5621	2267	1655	0	753	
REFHsOth1225BP0HG38	3595	2046	1460	0	603	
REFHsOth1240BP0HG38	5710	2546	1813	1	731	errorMatches
REFHsOth1269BP0HG38	4680	2839	2022	0	853	
REFHsOth1275BP0HG38	3829	2555	1843	0	829	
REFHsOth1306BP1HG38	6698	2382	1640	0	753	
REFHsOth1306BP2HG38	6236	2441	1746	1	728	errorMatches
REFHsOth1313BP0HG38	1	1	1	0	0	emptyRef
REFHsOth1329BP0HG38	5578	2293	1597	1	632	errorMatches
REFHsOth1376BP0HG38	9242	2778	1980	23	913	errorMatches
REFHsOth1408BP0HG38	4497	2325	1618	0	631	
REFHsOth1411BP0HG38	3216	1629	1194	11	564	errorMatches
REFHsOth1414BP0HG38	3234	1903	1294	50	607	errorMatches
REFHsOth1422BP0HG38	2561	1286	917	0	373	
REFHsOth1425BP0HG38	4837	2720	1991	0	924	
REFHsOth1428BP1HG38	5527	1922	1348	21	578	errorMatches
REFHsOth1428BP2HG38	8080	2268	1557	0	555	
REFHsOth1432BP1HG38	7760	2842	2039	1	874	errorMatches
REFHsOth1432BP2HG38	7553	2737	1943	0	783	
REFHsOth1454BP1HG38	5231	1849	1266	59	587	errorMatches
REFHsOth1454BP2HG38	4884	1986	1424	7	635	errorMatches
REFHsOth1468BP0HG38	5901	2478	1801	0	802	
REFHsOth1471BP0HG38	5632	2519	1808	0	826	
REFHsOth1484BP0HG38	4230	2526	1789	0	780	
REFHsOth1497BP0HG38	6690	3173	2305	0	1035	
REFHsOth1511BP0HG38	3560	2065	1481	0	622	
REFHsOth1579BP0HG38	3160	1938	1397	4	612	errorMatches
REFHsOth1614BP0HG38	12516	5189	3701	0	1543	
REFHsOth1637BP1HG38	4537	1697	1184	15	524	errorMatches
REFHsOth1637BP2HG38	5804	2038	1430	0	568	
REFHsOth1667BP1HG38	4188	1869	1372	0	627	
REFHsOth1667BP2HG38	5463	1951	1392	0	605	
REFHsOth1681BP1HG38	7218	2498	1113	687	497	errorMatches
REFHsOth1681BP2HG38	6232	2237	1546	10	631	errorMatches
REFHsOth1700BP0HG38	4248	2529	1795	0	757	
REFHsOth1751BP0HG38	4085	2555	1812	0	714	
REFHsOth1794BP0HG38	7669	2188	1536	0	630	
STDHsInv0004BP1HG18	3575	2272	1653	0	742	
STDHsInv0004BP2HG18	3605	2213	1596	0	720	
STDHsInv0006BP1HG18	2569	1245	946	0	491	
STDHsInv0006BP2HG18	2211	1028	791	0	448	
STDHsInv0015BP2HG18	1341	798	570	1	240	errorMatches
STDHsInv0016BP1HG18	806	233	154	0	43	
STDHsInv0016BP2HG18	770	235	154	0	40	
STDHsInv0041BP1HG18	2425	851	587	0	210	
STDHsInv0041BP2HG18	7822	575	230	119	81	errorMatches
STDHsInv0044BP1HG18	1	0	0	0	0	emptyRef,allFiltered
STDHsInv0044BP2HG18	1	0	0	0	0	emptyRef,allFiltered
STDHsInv0058BP1HG18	5398	1103	782	0	331	
STDHsInv0058BP2HG18	4298	1010	731	1	326	errorMatches
STDHsInv0059BP1HG18	1326	781	578	0	237	
STDHsInv0059BP2HG18	3650	785	570	1	219	errorMatches
STDHsInv0060BP1HG18	2185	1072	741	0	288	
STDHsInv0060BP2HG18	5116	981	675	0	262	
STDHsInv0068BP1HG18	639	359	214	0	38	
STDHsInv0068BP2HG18	441	262	167	0	42	
STDHsInv0081BP1HG18	2304	1010	728	0	316	
STDHsInv0081BP2HG18	2872	1091	791	3	347	errorMatches
STDHsInv0091BP1HG38	7797	2646	1898	0	803	
STDHsInv0091BP2HG38	11510	2813	1948	0	732	
STDHsInv0092BP1HG18	3871	2328	1665	0	715	
STDHsInv0092BP2HG18	2742	1589	1002	1	354	errorMatches
STDHsInv0095BP1HG18	1880	650	444	1	153	errorMatches
STDHsInv0095BP2HG18	1427	700	497	2	197	errorMatches
STDHsInv0097BP1HG18	7507	2569	1821	0	764	
STDHsInv0097BP2HG18	8190	2768	2014	1	935	errorMatches
STDHsInv0098BP1HG18	6075	2067	1436	22	622	errorMatches
STDHsInv0098BP2HG18	8982	2805	2048	0	908	
STDHsInv0102BP1HG18	4139	2056	1480	0	674	
STDHsInv0102BP2HG18	5230	1846	1295	41	549	errorMatches
STDHsInv0105BP1HG18	1314	765	515	0	183	
STDHsInv0105BP2HG18	1300	791	513	0	157	
STDHsInv0113BP2HG38	5184	2475	1802	1	810	errorMatches
STDHsInv0141BP1HG38	9399	2390	1709	0	688	
STDHsInv0141BP2HG38	10217	2504	1796	0	760	
STDHsInv0156BP1HG18	4965	1848	1319	0	564	
STDHsInv0156BP2HG18	3484	1266	912	0	400	
STDHsInv0163BP1HG18	3521	2131	1503	0	604	
STDHsInv0163BP2HG18	3300	1825	1265	0	481	
STDHsInv0164BP1HG38	5153	2366	1666	0	659	
STDHsInv0164BP2HG38	5464	2431	1727	0	691	
STDHsInv0174BP1HG18	2342	809	620	0	305	
STDHsInv0174BP2HG18	1039	602	461	0	237	
STDHsInv0181BP1HG38	2021	784	747	0	255	
STDHsInv0181BP2HG38	143	0	0	0	0	emptyRef,allFiltered
STDHsInv0191BP1HG38	7	4	0	1	0	emptyRef,errorMatches
STDHsInv0200BP1HG38	2779	591	383	36	194	errorMatches
STDHsInv0201BP1HG18	3293	1072	756	0	283	
STDHsInv0201BP2HG18	3444	1167	870	0	380	
STDHsInv0212BP1HG38	6	3	2	0	0	emptyRef
STDHsInv0212BP2HG38	7	0	0	0	0	emptyRef,allFiltered
STDHsInv0213BP1HG38	6286	3062	2224	0	967	
STDHsInv0213BP2HG38	5117	2495	1769	0	712	
STDHsInv0260BP1HG18	7337	2204	1555	0	644	
STDHsInv0284BP1HG18	3668	2236	1538	1	572	errorMatches
STDHsInv0284BP2HG18	4462	1924	1328	0	515	
STDHsInv0379BP1HG18	1472	822	620	0	305	
STDHsInv0379BP2HG18	5827	1970	1370	6	589	errorMatches
STDHsInv0409BP1HG18	2138	793	547	0	199	
STDHsInv0409BP2HG18	4503	1028	728	0	284	
STDHsInv0442BP1HG38	3351	1248	835	0	269	
STDHsInv0442BP2HG38	4213	1270	836	0	255	
STDHsInv0553BP1HG38	203	58	2	0	1	
STDHsInv0901BP1HG38	4646	6	5	0	2	
STDHsInv0901BP2HG38	3576	6	5	0	1	
STDHsInv0960BP1HG38	3818	2521	1812	0	789	
STDHsInv0960BP2HG38	6631	2797	2024	1	892	errorMatches
STDHsInv0965BP1HG18	3781	2036	1402	0	502	
STDHsInv0965BP2HG18	4835	1959	1361	0	500	
STDHsInv0989BP1HG38	4467	2751	1408	372	664	errorMatches
STDHsInv0989BP2HG38	7120	2495	1830	0	898	
STDHsInv0991BP1HG38	804	427	282	0	73	
STDHsInv0991BP2HG38	2984	379	242	0	62	
STDHsInv1053BP1HG18	2732	978	706	0	331	
STDHsInv1053BP2HG18	1062	595	373	0	214	
STDHsInv1065BP1HG38	4844	1852	1332	0	585	
STDHsInv1065BP2HG38	5307	1539	1071	0	423	
STDHsInv1065BP3HG38	4041	1713	1194	0	489	
STDHsInv1065BP4HG38	4879	1238	865	0	371	
STDHsInv1066BP1HG18	5440	2698	1908	0	758	
STDHsInv1066BP2HG18	4433	2524	1805	0	767	
STDHsInv1070BP1HG18	7033	2357	1500	58	689	errorMatches
STDHsInv1070BP2HG18	3960	1583	1131	52	514	errorMatches
STDHsInv1075BP1HG18	5531	2320	1268	357	615	errorMatches
STDHsInv1075BP2HG18	3283	1777	1271	50	623	errorMatches
STDHsInv1116BP1HG18	836	297	191	0	69	
STDHsInv1116BP2HG18	566	338	221	0	70	
STDHsInv1122BP1HG18	1657	596	412	1	152	errorMatches
STDHsInv1122BP2HG18	1091	599	399	1	137	errorMatches
STDHsInv1127BP1HG38	2761	907	629	1	225	errorMatches
STDHsInv1127BP2HG38	826	419	226	2	63	errorMatches
STDHsInv1128BP1HG38	7173	2568	1817	1	735	errorMatches
STDHsInv1128BP2HG38	7379	2270	1616	7	698	errorMatches
STDHsInv1129BP1HG38	5152	1307	935	0	382	
STDHsInv1129BP2HG38	2485	1189	829	0	319	
STDHsInv1143BP1HG38	12	10	2	0	0	emptyRef
STDHsInv1143BP2HG38	5	0	0	0	0	emptyRef,allFiltered
STDHsInv1222BP1HG38	6051	2074	1455	0	557	
STDHsInv1222BP2HG38	6474	1949	1361	0	535	
STDHsInv1256BP1HG38	6920	2404	1721	9	755	errorMatches
STDHsInv1256BP2HG38	6617	2666	1911	1	837	errorMatches
STDHsInv1258BP1HG38	5577	2218	1563	0	623	
STDHsInv1258BP2HG38	6705	2476	1734	3	668	errorMatches
STDHsInv1263BP1HG38	6270	1833	1246	0	445	
STDHsInv1263BP2HG38	4605	1609	1091	0	367	
STDHsInv1264BP2HG38	7315	2752	2012	0	895	
STDHsInv1306BP1HG38	2997	2233	1610	0	736	
STDHsInv1306BP2HG38	4604	2561	1845	0	796	
STDHsInv1314BP1HG38	5537	2590	1835	0	757	
STDHsInv1314BP2HG38	6144	2211	1561	0	641	
STDHsInv1321BP1HG38	2419	1432	988	11	412	errorMatches
STDHsInv1321BP2HG38	4225	1530	1092	1	488	errorMatches
STDHsInv1348BP1HG38	6679	2362	1734	1	811	errorMatches
STDHsInv1348BP2HG38	4164	2421	1733	2	765	errorMatches
STDHsInv1358BP1HG38	5627	1711	1195	0	431	
STDHsInv1358BP2HG38	5862	2196	1563	0	673	
STDHsInv1360BP1HG38	6621	2551	1841	0	807	
STDHsInv1360BP2HG38	7983	2020	1463	0	645	
STDHsInv1402BP1HG38	5835	2375	1739	0	814	
STDHsInv1402BP2HG38	5565	2224	1532	82	698	errorMatches
STDHsInv1421BP1HG38	8792	3150	2289	0	1074	
STDHsInv1421BP2HG38	5826	3150	2246	0	971	
STDHsInv1427BP1HG38	6776	2524	1808	13	822	errorMatches
STDHsInv1427BP2HG38	4378	2399	1738	0	796	
STDHsInv1474BP1HG38	4160	1495	1016	79	464	errorMatches
STDHsInv1474BP2HG38	3269	1066	710	38	325	errorMatches
STDHsInv1569BP1HG38	6652	2524	1773	3	677	errorMatches
STDHsInv1569BP2HG38	5843	2516	1781	2	702	errorMatches
STDHsInv1590BP1HG38	6135	2324	1624	0	615	
STDHsInv1590BP2HG38	5892	2323	1622	0	602	
STDHsInv1785BP1HG38	5698	2795	1896	142	873	errorMatches
STDHsInv1785BP2HG38	3445	1826	1153	142	493	errorMatches
STDHsInv1790BP1HG38	6410	3050	2190	0	950	
STDHsInv1790BP2HG38	5195	2108	1503	10	642	errorMatches
STDHsInv1798BP0HG38	2470	1457	1021	16	426	errorMatches
STDHsInv1819BP1HG38	5281	2449	1702	0	674	
STDHsInv1819BP2HG38	4752	1752	1218	0	467	
STDHsInv1820BP1HG38	5460	2110	1391	121	594	errorMatches
STDHsInv1820BP2HG38	6482	1908	824	582	349	errorMatches
STDHsInv1838BP1HG38	5695	2263	1624	0	706	
STDHsInv1838BP2HG38	3344	471	356	10	146	errorMatches
STDHsInv1848BP1HG38	3070	1819	1327	19	633	errorMatches
STDHsInv1848BP2HG38	6693	2903	1925	130	849	errorMatches
STDHsInv1867BP1HG38	5703	2059	895	517	357	errorMatches
STDHsInv1867BP2HG38	4734	2008	1377	47	603	errorMatches
STDHsInv1868BP1HG38	3689	1870	1326	9	575	errorMatches
STDHsInv1868BP2HG38	3589	2242	1589	0	649	
STDHsInv1874BP1HG38	2137	0	0	0	0	emptyRef,allFiltered
STDHsInv1875BP1HG38	8	2	1	0	0	emptyRef
STDHsInv1875BP2HG38	69	2	0	0	0	emptyRef
