Inversion	Numinds.with.ref	Percentage.Different GType	Percentage.Same GType	Percentage.Filter (few reads)	Percentage.Filter (0 reads)	Numinds.geno.break	Reads.Min	Reads.Median	Reads.Mean	Reads.Max	QualityTest
HsInv0004	433	0.46189376443418	57.9676674364896	41.3394919168591	0.23094688221709	1252	1	8	8.61729383506805	28	
HsInv0006	433	0.69284064665127	45.9584295612009	50.3464203233256	3.00230946882217	1252	1	6	6.65907241659886	28	
HsInv0015	92	0	29.3478260869565	69.5652173913043	1.08695652173913	1252	1	6	6.96529459241324	27	
HsInv0016	92	0	60.8695652173913	38.0434782608696	1.08695652173913	1252	1	7	7.63974151857835	27	
HsInv0041	434	0.230414746543779	19.5852534562212	72.5806451612903	7.6036866359447	1252	1	4	4.42845117845118	17	
HsInv0044	NA	NA	NA	NA	NA	1252	1	11	11.276	38	
HsInv0058	433	0.23094688221709	56.1200923787529	42.9561200923788	0.69284064665127	1252	1	8	8.80658105939005	34	
HsInv0059	434	0.460829493087558	53.6866359447005	40.7834101382488	5.06912442396313	1252	1	7	7.57528641571195	28	
HsInv0060	91	1.0989010989011	45.0549450549451	52.7472527472528	1.0989010989011	1252	1	6	7.05887096774194	29	
HsInv0068	433	0.69284064665127	35.5658198614319	61.431870669746	2.3094688221709	1252	1	5	5.39934800325998	32	
HsInv0081	92	0	47.8260869565217	50	2.17391304347826	1252	1	6	6.38196721311475	27	
HsInv0091	92	1.08695652173913	41.304347826087	56.5217391304348	1.08695652173913	1252	1	14	15.2658126501201	54	High read count
HsInv0092	434	0.230414746543779	57.1428571428571	41.705069124424	0.921658986175115	1252	1	7	7.63352044907779	29	
HsInv0095	434	0	46.5437788018433	52.9953917050691	0.460829493087558	1252	1	6	6.89414595028067	28	
HsInv0097	434	0	62.9032258064516	36.405529953917	0.691244239631336	1252	1	8	9.16787148594378	28	
HsInv0098	434	0	57.8341013824885	41.4746543778802	0.691244239631336	1252	1	9	9.18123496391339	32	
HsInv0102	434	0.460829493087558	55.2995391705069	43.3179723502304	0.921658986175115	1252	1	7	7.65004022526146	28	
HsInv0105	434	0.691244239631336	44.9308755760369	52.5345622119816	1.84331797235023	1252	1	6	7.10266774454325	35	
HsInv0113	96	0	44.7916666666667	52.0833333333333	3.125	1252	1	4	4.94112769485904	25	
HsInv0141	92	0	63.0434782608696	36.9565217391304	0	1252	1	8	8.96872493985565	30	
HsInv0156	110	0	55.4545454545455	40.9090909090909	3.63636363636364	1252	1	6	6.91166936790924	23	
HsInv0163	119	0	59.6638655462185	38.655462184874	1.68067226890756	1252	1	7.5	8.10403225806452	32	
HsInv0164	90	0	51.1111111111111	47.7777777777778	1.11111111111111	1252	1	8	8.44738955823293	32	
HsInv0174	92	0	43.4782608695652	56.5217391304348	0	1252	1	7	7.89951768488746	28	
HsInv0181	89	0	46.0674157303371	48.314606741573	5.61797752808989	1252	1	6	6.19221209610605	22	
HsInv0191	92	0	52.1739130434783	47.8260869565217	0	1252	1	8	8.77491961414791	30	
HsInv0200	NA	NA	NA	NA	NA	1252	1	2	1.92307692307692	8	Low read count
HsInv0201	434	1.38248847926267	58.9861751152074	38.2488479262673	1.38248847926267	1252	1	8	8.47948511665326	31	
HsInv0212	92	1.08695652173913	58.695652173913	40.2173913043478	0	1252	1	8	8.75762439807384	43	
HsInv0213	NA	NA	NA	NA	NA	1252	1	9	9.55164131305044	31	
HsInv0260	434	0	23.0414746543779	73.0414746543779	3.91705069124424	1252	1	4	4.71511147811726	20	
HsInv0284	433	0	55.6581986143187	42.7251732101617	1.61662817551963	1252	1	7	7.28836833602585	28	
HsInv0379	439	0	43.2801822323462	52.619589977221	4.1002277904328	1252	1	4	4.95152013147083	22	
HsInv0409	434	0	28.3410138248848	66.5898617511521	5.06912442396313	1252	1	4	5.3561872909699	29	
HsInv0442	92	1.08695652173913	58.695652173913	39.1304347826087	1.08695652173913	1252	1	8	8.46197411003236	30	
HsInv0553	92	0	36.9565217391304	59.7826086956522	3.26086956521739	1252	1	4	4.62773109243698	16	
HsInv0901	91	0	61.5384615384615	38.4615384615385	0	1252	1	9	9.22213311948677	34	
HsInv0960	92	0	59.7826086956522	40.2173913043478	0	1252	1	9	9.98557692307692	32	
HsInv0965	113	0	52.212389380531	45.1327433628319	2.65486725663717	1252	1	8	8.09716599190283	31	
HsInv0989	92	0	61.9565217391304	38.0434782608696	0	1252	1	7	7.97264682220434	31	
HsInv0991	92	1.08695652173913	47.8260869565217	48.9130434782609	2.17391304347826	1252	1	6	6.51732473811442	22	
HsInv1053	434	0.230414746543779	49.3087557603687	50	0.460829493087558	1252	1	7	7.49155269509252	28	
HsInv1065	92	0	59.7826086956522	40.2173913043478	0	1252	1	13	14.3517186250999	50	
HsInv1066	122	0	58.1967213114754	40.9836065573771	0.819672131147541	1252	1	8	9.06655974338412	32	
HsInv1070	122	0	61.4754098360656	38.5245901639344	0	1252	1	6	6.34193548387097	24	
HsInv1075	119	0.840336134453782	54.6218487394958	42.0168067226891	2.52100840336134	1252	1	7	7.26242868785656	25	
HsInv1116	434	1.15207373271889	61.5207373271889	35.9447004608295	1.38248847926267	1252	1	8	8.87610619469027	33	
HsInv1122	67	0	53.7313432835821	44.7761194029851	1.49253731343284	1252	1	10	12.4347332576617	54	
HsInv1127	92	0	14.1304347826087	64.1304347826087	21.7391304347826	1252	1	2	2.94807892004154	13	
HsInv1128	98	1.02040816326531	52.0408163265306	46.9387755102041	0	1252	1	7	8.14847512038523	30	
HsInv1129	94	0	31.9148936170213	67.0212765957447	1.06382978723404	1252	1	4	4.88323603002502	21	
HsInv1143	92	0	47.8260869565217	52.1739130434783	0	1252	1	9	9.32211538461539	33	
HsInv1222	91	0	62.6373626373626	37.3626373626374	0	1252	1	7	7.77147487844408	29	
HsInv1256	92	0	61.9565217391304	35.8695652173913	2.17391304347826	1252	1	8	8.96717373899119	38	
HsInv1258	92	0	63.0434782608696	35.8695652173913	1.08695652173913	1252	1	8	9.01845906902087	28	
HsInv1263	92	2.17391304347826	42.3913043478261	50	5.43478260869565	1252	1	6	6.44619205298013	26	
HsInv1264	93	0	45.1612903225806	51.6129032258064	3.2258064516129	1252	1	4	4.9347471451876	18	
HsInv1306	92	0	35.8695652173913	63.0434782608696	1.08695652173913	1252	2	16	17.1015310233683	55	High read count
HsInv1314	92	0	64.1304347826087	34.7826086956522	1.08695652173913	1252	1	8	8.39182692307692	26	
HsInv1321	90	0	33.3333333333333	64.4444444444444	2.22222222222222	1252	1	6	6.73846153846154	28	
HsInv1348	91	0	62.6373626373626	37.3626373626374	0	1252	1	8	9.0392	28	
HsInv1358	92	0	55.4347826086957	44.5652173913043	0	1252	1	6	6.99032258064516	32	
HsInv1360	96	0	62.5	37.5	0	1252	1	7	7.8578313253012	24	
HsInv1402	92	0	57.6086956521739	41.304347826087	1.08695652173913	1252	1	8	8.14814814814815	25	
HsInv1421	93	0	51.6129032258064	48.3870967741936	0	1252	1	10	10.7885852090032	51	
HsInv1427	92	0	54.3478260869565	44.5652173913043	1.08695652173913	1252	1	9	9.15489566613162	30	
HsInv1474	91	0	42.8571428571429	56.043956043956	1.0989010989011	1252	1	4	4.74156378600823	17	
HsInv1569	92	0	60.8695652173913	38.0434782608696	1.08695652173913	1252	1	8	8.61526104417671	33	
HsInv1590	92	1.08695652173913	56.5217391304348	42.3913043478261	0	1252	1	8	8.66693483507643	29	
HsInv1785	91	0	51.6483516483517	48.3516483516484	0	1252	1	7	7.95669607056937	25	
HsInv1790	93	0	54.8387096774194	45.1612903225806	0	1252	1	9	9.05835331734612	25	
HsInv1798	91	2.1978021978022	18.6813186813187	73.6263736263736	5.49450549450549	1252	1	3	3.39221014492754	15	
HsInv1819	93	0	59.1397849462366	39.7849462365591	1.0752688172043	1252	1	6	7.04519774011299	26	
HsInv1820	92	0	56.5217391304348	42.3913043478261	1.08695652173913	1252	1	5	5.95036615134256	22	
HsInv1838	92	3.26086956521739	38.0434782608696	56.5217391304348	2.17391304347826	1252	1	5	5.58469055374593	23	
HsInv1848	92	0	55.4347826086957	44.5652173913043	0	1252	1	7	8.05148833467418	29	
HsInv1867	92	0	58.695652173913	39.1304347826087	2.17391304347826	1252	1	7	7.52265372168285	26	
HsInv1868	NA	NA	NA	NA	NA	1252	1	7	7.09156626506024	23	
HsInv1874	NA	NA	NA	NA	NA	1252	1	3	3.48875855327468	16	
HsInv1875	91	0	20.8791208791209	69.2307692307692	9.89010989010989	1252	1	3	3.660663507109	20	
HsOta1141	NA	NA	NA	NA	NA	1252	2	8	8.55657237936772	36	
HsOtb1141	NA	NA	NA	NA	NA	1252	2	16	17.437802907916	58	High read count
HsOtb1874	NA	NA	NA	NA	NA	1252	1	4	4.09571428571429	18	
HsOth0154	NA	NA	NA	NA	NA	1252	1	7	7.7578947368421	33	
HsOth0170	NA	NA	NA	NA	NA	1252	1	5	5.79296235679214	22	
HsOth0171	NA	NA	NA	NA	NA	1252	1	5	5.30179445350734	25	
HsOth0178	NA	NA	NA	NA	NA	1252	1	4	4.125	18	
HsOth0182	NA	NA	NA	NA	NA	1252	1	6	7.01860841423948	28	
HsOth0186	NA	NA	NA	NA	NA	1252	1	4	4.41707717569787	17	
HsOth0190	NA	NA	NA	NA	NA	1252	1	4	4.74687760199833	20	
HsOth0211	NA	NA	NA	NA	NA	1252	1	4	4.78449905482042	19	
HsOth0224	NA	NA	NA	NA	NA	1252	1	5	5.62080262080262	26	
HsOth0310	NA	NA	NA	NA	NA	1252	1	5	5.44016393442623	25	
HsOth0335	NA	NA	NA	NA	NA	1252	1	2	2.89406392694064	13	
HsOth0463	NA	NA	NA	NA	NA	1252	1	4	4.60475352112676	25	
HsOth0574	NA	NA	NA	NA	NA	1252	1	6	6.61358124494745	26	
HsOth0589	NA	NA	NA	NA	NA	1252	1	5	5.82213114754098	26	
HsOth0612	NA	NA	NA	NA	NA	1252	1	4	4.72056384742952	18	
HsOth0968	NA	NA	NA	NA	NA	1252	1	5	5.233798195242	21	
HsOth0987	NA	NA	NA	NA	NA	1252	1	4	4.44824636441403	18	
HsOth0997	NA	NA	NA	NA	NA	1252	1	6	6.4834008097166	25	
HsOth1004	NA	NA	NA	NA	NA	1252	1	6	6.61469387755102	22	
HsOth1013	NA	NA	NA	NA	NA	1252	1	4	4.61190276613579	17	
HsOth1112	NA	NA	NA	NA	NA	1252	1	3	3.73086844368014	16	
HsOth1122	105	0	28.5714285714286	70.4761904761905	0.952380952380952	1252	1	5	6.28536184210526	29	
HsOth1130	NA	NA	NA	NA	NA	1252	1	4	4.70543293718166	18	
HsOth1146	NA	NA	NA	NA	NA	1252	1	3	3.56146469049695	16	
HsOth1153	NA	NA	NA	NA	NA	1252	1	2	2.73744075829384	15	
HsOth1216	NA	NA	NA	NA	NA	1252	1	4	4.3375	17	
HsOth1225	NA	NA	NA	NA	NA	1252	1	4	4.39330543933054	23	
HsOth1240	NA	NA	NA	NA	NA	1252	1	4	4.87903893951947	19	
HsOth1269	NA	NA	NA	NA	NA	1252	1	5	5.31107491856678	18	
HsOth1275	NA	NA	NA	NA	NA	1252	1	4	4.70655737704918	20	
HsOth1306	NA	NA	NA	NA	NA	1252	1	14	15.4779116465863	56	High read count
HsOth1313	NA	NA	NA	NA	NA	1252	1	6	6.33793663688058	25	
HsOth1329	NA	NA	NA	NA	NA	1252	1	4	4.40765957446809	26	
HsOth1376	NA	NA	NA	NA	NA	1252	1	5	5.06617647058824	26	
HsOth1408	NA	NA	NA	NA	NA	1252	1	4	4.50083612040134	19	
HsOth1411	NA	NA	NA	NA	NA	1252	1	4	4.80901639344262	19	
HsOth1414	NA	NA	NA	NA	NA	1252	1	3	3.99473222124671	17	
HsOth1422	NA	NA	NA	NA	NA	1252	1	5	6.05691056910569	31	
HsOth1425	NA	NA	NA	NA	NA	1252	1	4	4.96128500823723	18	
HsOth1428	NA	NA	NA	NA	NA	1252	1	8	8.34907926341073	37	
HsOth1432	NA	NA	NA	NA	NA	1252	1	9	9.72596153846154	32	
HsOth1454	NA	NA	NA	NA	NA	1252	1	8	8.38443017656501	28	
HsOth1468	NA	NA	NA	NA	NA	1252	1	4	4.46810273405137	19	
HsOth1471	NA	NA	NA	NA	NA	1252	1	4	4.61319966583125	16	
HsOth1484	NA	NA	NA	NA	NA	1252	1	4	4.85206611570248	25	
HsOth1497	NA	NA	NA	NA	NA	1252	1	6	6.13588283157038	24	
HsOth1511	NA	NA	NA	NA	NA	1252	1	4	4.29391891891892	20	
HsOth1579	NA	NA	NA	NA	NA	1252	1	3	3.9823973176865	17	
HsOth1614	NA	NA	NA	NA	NA	1252	2	9	9.95758564437194	42	
HsOth1637	NA	NA	NA	NA	NA	1252	1	6	6.52874493927126	29	
HsOth1667	NA	NA	NA	NA	NA	1252	1	8	8.56214915797915	31	
HsOth1681	NA	NA	NA	NA	NA	1252	1	6	6.72931726907631	23	
HsOth1700	NA	NA	NA	NA	NA	1252	1	4	4.49752066115702	19	
HsOth1751	NA	NA	NA	NA	NA	1252	1	4	4.96625514403292	27	
HsOth1794	NA	NA	NA	NA	NA	1252	1	4	4.17573221757322	24	
HsOth1855	NA	NA	NA	NA	NA	1252	1	1	1	1	Low read count
HsOth1857	NA	NA	NA	NA	NA	1252	1	5	5.97070789259561	24	
HsOth1863	NA	NA	NA	NA	NA	1252	1	1	1.27777777777778	2	Low read count
HsOth1865	NA	NA	NA	NA	NA	1252	1	3	3.41119005328597	16	
